1 0.013404825737265416 0.23963381798599892 0.01769436997319035 0.2778675282714055 0.015549597855227882 0.3607969843834141 0.018230563002680965 0.3925686591276252 0.018766756032171584 0.5794291868605277 0.017158176943699734 0.6467420570813139 0.018766756032171584 0.8395261173936456 0.021447721179624665 0.9009154550350026 0.02091152815013405 0.924071082390953 0.023056300268096516 0.9326871297792139 0.024664879356568366 0.971997845988153 0.027882037533512066 0.979536887452881 0.040214477211796246 0.9838449111470112 0.06595174262734585 0.981690899299946 0.09276139410187668 0.98546042003231 0.1646112600536193 0.9870759289176091 0.5115281501340483 0.9865374259558427 0.5715817694369973 0.981690899299946 0.6407506702412868 0.9833064081852451 0.6584450402144773 0.9859989229940764 0.7774798927613941 0.9849219170705439 0.7806970509383377 0.9838449111470112 0.7780160857908848 0.9800753904146472 0.7785522788203754 0.9773828756058158 0.7823056300268096 0.9763058696822832 0.7951742627345845 0.9773828756058158 0.7967828418230563 0.9811523963381799 0.8037533512064343 0.9773828756058158 0.8139410187667562 0.9752288637587506 0.8900804289544236 0.9736133548734518 0.9436997319034853 0.9671513193322563 0.9538873994638071 0.9623047926763597 0.9597855227882037 0.9569197630586969 0.9619302949061662 0.951534733441034 0.9619302949061662 0.035541195476575124 0.9592493297587131 0.025848142164781908 0.8198391420911528 0.024232633279483037 0.7109919571045576 0.01669359181475498 0.675603217158177 0.019924609585352717 0.6091152815013405 0.01507808292945611 0.5646112600536193 0.01669359181475498 0.5533512064343163 0.014539579967689823 0.5072386058981233 0.01615508885298869 0.4337801608579088 0.014001077005923531 0.3914209115281501 0.017770597738287562 0.33083109919571047 0.017770597738287562 0.3115281501340482 0.014539579967689823 0.04664879356568365 0.012385568120624663 0.03806970509383378 0.014001077005923531 0.02037533512064343 0.026386645126548196 0.017158176943699734 0.03392568659127625 0.013404825737265416 0.051696284329563816 0.013404825737265416 0.23963381798599892
0 0.7061662198391421 0.6338179859989229 0.7083109919571046 0.6365105008077544 0.7152815013404826 0.6370490037695207 0.7179624664879356 0.6348949919224556 0.7174262734584451 0.6262789445341949 0.7083109919571046 0.6252019386106623 0.7067024128686328 0.6268174474959612 0.7061662198391421 0.6338179859989229
0 0.8498659517426275 0.6348949919224556 0.8525469168900803 0.6418955304254174 0.8654155495978552 0.6429725363489499 0.8675603217158177 0.641357027463651 0.8680965147453084 0.6278944534194938 0.8659517426273459 0.6252019386106623 0.853083109919571 0.6252019386106623 0.850402144772118 0.6278944534194938 0.8498659517426275 0.6348949919224556
0 0.33136729222520106 0.7000538502961766 0.3329758713136729 0.7043618739903069 0.3420911528150134 0.7054388799138395 0.34745308310991957 0.7022078621432417 0.34959785522788206 0.6968228325255789 0.34959785522788206 0.6903607969843834 0.3479892761394102 0.6882067851373181 0.33404825737265414 0.687668282175552 0.3319034852546917 0.6892837910608508 0.33136729222520106 0.7000538502961766
0 0.6627345844504021 0.2773290253096392 0.6627345844504021 0.2902530963920301 0.6654155495978553 0.2929456112008616 0.6723860589812333 0.2929456112008616 0.6745308310991958 0.2902530963920301 0.6745308310991958 0.2778675282714055 0.6718498659517427 0.275175013462574 0.6648793565683646 0.275175013462574 0.6627345844504021 0.2773290253096392
0 0.5876675603217159 0.40226171243941844 0.5876675603217159 0.4157242864835756 0.5914209115281501 0.4178782983306408 0.5978552278820375 0.41303177167474414 0.5994638069705094 0.4087237479806139 0.5898123324396783 0.40010770059235323 0.5876675603217159 0.40226171243941844
0 0.5372654155495978 0.7840603123317178 0.539946380697051 0.7867528271405492 0.5533512064343163 0.7867528271405492 0.5554959785522788 0.7845988152934841 0.5554959785522788 0.777059773828756 0.5528150134048258 0.7749057619816908 0.5404825737265415 0.7749057619816908 0.5378016085790885 0.777059773828756 0.5372654155495978 0.7840603123317178
0 0.6498659517426273 0.15885837372105546 0.6520107238605898 0.16155088852988692 0.6589812332439678 0.1620893914916532 0.6616621983914209 0.15993537964458804 0.6621983914209115 0.15293484114162628 0.6605898123324396 0.1507808292945611 0.6520107238605898 0.15024232633279483 0.650402144772118 0.15185783521809368 0.6498659517426273 0.15885837372105546
0 0.6010723860589813 0.34841141626278943 0.6091152815013405 0.34948842218632203 0.6117962466487936 0.3473344103392569 0.6117962466487936 0.3397953688745288 0.6096514745308311 0.3376413570274636 0.6021447721179625 0.3376413570274636 0.6005361930294907 0.3392568659127625 0.6010723860589813 0.34841141626278943
0 0.8193029490616622 0.36618201400107697 0.820911528150134 0.36779752288637585 0.8284182305630028 0.36779752288637585 0.8305630026809652 0.3656435110393107 0.8300268096514746 0.35164243403338713 0.8278820375335121 0.3500269251480883 0.8214477211796247 0.3500269251480883 0.8193029490616622 0.35164243403338713 0.8193029490616622 0.36618201400107697
0 0.6563002680965148 0.8336025848142163 0.6563002680965148 0.8465266558966074 0.6584450402144773 0.8492191707054388 0.6654155495978553 0.8492191707054388 0.6680965147453083 0.8454496499730748 0.6680965147453083 0.8336025848142163 0.6659517426273458 0.8314485729671512 0.6584450402144773 0.8314485729671512 0.6563002680965148 0.8336025848142163
0 0.41876675603217156 0.2337102854065697 0.4193029490616622 0.24663435648896068 0.4214477211796247 0.24878836833602583 0.42788203753351206 0.24824986537425953 0.43056300268096515 0.24232633279483035 0.43056300268096515 0.2337102854065697 0.42788203753351206 0.23101777059773826 0.420911528150134 0.23155627355950456 0.41876675603217156 0.2337102854065697
0 0.30723860589812335 0.16047388260635434 0.3158176943699732 0.16155088852988692 0.32386058981233246 0.15401184706515886 0.32439678284182305 0.1464728056004308 0.32171581769436997 0.14378029079159935 0.31474530831099196 0.14378029079159935 0.30723860589812335 0.15024232633279483 0.30723860589812335 0.16047388260635434
0 0.425201072386059 0.5772751750134625 0.425201072386059 0.5907377490576198 0.42788203753351206 0.5934302638664513 0.43485254691689007 0.592891760904685 0.4369973190348525 0.5901992460958535 0.4369973190348525 0.5783521809369951 0.4343163538873995 0.5751211631663974 0.4273458445040214 0.5751211631663974 0.425201072386059 0.5772751750134625
0 0.13136729222520108 0.5783521809369951 0.13351206434316354 0.5805061927840602 0.14101876675603217 0.5805061927840602 0.14316353887399463 0.5783521809369951 0.14209115281501342 0.5697361335487345 0.13404825737265416 0.568659127625202 0.1319034852546917 0.5702746365105008 0.13136729222520108 0.5783521809369951
0 0.3324396782841823 0.36779752288637585 0.34048257372654156 0.3742595584275713 0.34959785522788206 0.3656435110393107 0.34959785522788206 0.3591814754981152 0.346916890080429 0.35648896068928376 0.33404825737265414 0.35648896068928376 0.3319034852546917 0.3586429725363489 0.3324396782841823 0.36779752288637585
0 0.28150134048257375 0.24717285945072698 0.2836461126005362 0.24932687129779213 0.29168900804289544 0.24878836833602583 0.29329758713136733 0.24663435648896068 0.2927613941018767 0.23317178244480347 0.2900804289544236 0.23101777059773826 0.28418230563002683 0.23101777059773826 0.28203753351206434 0.23263327948303716 0.28150134048257375 0.24717285945072698
0 0.41233243967828415 0.6214324178782983 0.41233243967828415 0.6289714593430263 0.4128686327077748 0.6343564889606893 0.41608579088471853 0.6365105008077544 0.4225201072386059 0.6316639741518578 0.42412868632707773 0.6252019386106623 0.4214477211796247 0.6203554119547657 0.4150134048257373 0.6187399030694668 0.41233243967828415 0.6214324178782983
0 0.20750670241286864 0.6187399030694668 0.21179624664879357 0.6230479267635972 0.21608579088471852 0.6241249326871298 0.21823056300268098 0.6214324178782983 0.21769436997319036 0.6079698438341411 0.2155495978552279 0.6063543349488423 0.20911528150134048 0.6063543349488423 0.20697050938337802 0.6079698438341411 0.20750670241286864 0.6187399030694668
0 0.5249329758713137 0.5153473344103392 0.5260053619302949 0.5277329025309638 0.528686327077748 0.529886914378029 0.5345844504021449 0.529886914378029 0.5367292225201072 0.5255788906838987 0.5367292225201072 0.5148088314485729 0.5345844504021449 0.5126548196015077 0.5276139410187668 0.5126548196015077 0.5249329758713137 0.5153473344103392
0 0.5935656836461126 0.6025848142164782 0.5957104557640751 0.6052773290253096 0.6026809651474532 0.6058158319870759 0.6053619302949061 0.6036618201400107 0.6058981233243969 0.596661281637049 0.604289544235925 0.5945072697899838 0.5946380697050938 0.5950457727517502 0.5935656836461126 0.6025848142164782
0 0.4 0.42810985460420026 0.4026809651474531 0.43080236941303174 0.40589812332439684 0.42757135164243404 0.40589812332439684 0.4216478190630048 0.4032171581769437 0.4189553042541734 0.4005361930294907 0.4205708131394722 0.4 0.42810985460420026
0 0.425201072386059 0.3586429725363489 0.425201072386059 0.3656435110393107 0.42680965147453087 0.36779752288637585 0.4353887399463807 0.3683360258481422 0.44182305630026814 0.36672051696284325 0.4423592493297587 0.3607969843834141 0.4407506702412869 0.35756596661281637 0.4273458445040214 0.35648896068928376 0.425201072386059 0.3586429725363489
0 0.46219839142091157 0.4765751211631664 0.46595174262734584 0.48142164781906305 0.47024128686327077 0.48249865374259554 0.47774798927613943 0.4744211093161012 0.47721179624664883 0.4706515885837372 0.47024128686327077 0.4641895530425417 0.46273458445040216 0.4674205708131394 0.46219839142091157 0.4765751211631664