0 0.2831952233374952 0.6151268768892602 0.29072818191627403 0.6109735000535925 0.2932876742355839 0.6073963070026325 0.29403022616043606 0.6003313973634044 0.2920990470083088 0.5979305899504022 0.2840574538841446 0.5965359263785049 0.27681009219953967 0.5979720302760076 0.2752991485924818 0.60715401100015 0.27742752563846695 0.6128722932045674 0.2831952233374952 0.6151268768892602
0 0.8389355400531588 0.7861764435181291 0.8441374838279669 0.78342644138289 0.8462141813592451 0.7792490464786794 0.8454199499196857 0.7764182790092795 0.8417547895092892 0.7749341389746902 0.8314964203388238 0.7738559409279555 0.8297053197017196 0.7753160628940015 0.8284228536100009 0.782324225267612 0.8302969133832934 0.7852684872682472 0.8389355400531588 0.7861764435181291
0 0.266169568143887 0.7303719786645169 0.27134023229721377 0.7331132696712247 0.2802386161038998 0.726356114428628 0.28157820157445335 0.7188044974673844 0.27916422763429427 0.7158034882011316 0.2662062876294959 0.7144415538263088 0.26381815344669035 0.7163883831143701 0.2629613627641686 0.7245402019288643 0.266169568143887 0.7303719786645169
0 0.5732800907991249 0.846717680958663 0.5756111056030957 0.8453143062582346 0.577007810452484 0.8372192347093584 0.5750766313003567 0.8348184272963561 0.5680577471310909 0.834080712843327 0.5657267323271202 0.8354840875437552 0.5644442662354013 0.8424922499173659 0.5663183260086939 0.8454365119180011 0.5732800907991249 0.846717680958663
0 0.34184050741942273 0.3064512669252332 0.344285760981063 0.303960983049539 0.3450595925273965 0.29140478026836397 0.3425884992084026 0.28894722558974406 0.33670656275170485 0.28777955108031733 0.33437554794773405 0.28918292578074567 0.3322934105523283 0.3037994523812173 0.33476450387132217 0.30625700705983716 0.34184050741942273 0.3064512669252332
0 0.7117891542752756 0.8480885763223476 0.714177288458081 0.8461417470342865 0.7156052729289506 0.832555382343463 0.7131341796099567 0.8300978276648431 0.7071951237744243 0.8294736077430492 0.7042670754247521 0.831363689765493 0.7029846093330333 0.8383718521391035 0.7039760386664504 0.8445200943999186 0.7117891542752756 0.8480885763223476
0 0.6619932887789322 0.37141979052526414 0.6637843894160362 0.36995966855921825 0.6652123738869059 0.35637330386839483 0.6632811947347786 0.35397249645539264 0.6545283293072436 0.3541514493807766 0.6519633971238059 0.36816777412799767 0.654377371063965 0.3711687833942504 0.6619932887789322 0.37141979052526414
0 0.7414055530066046 0.675374800857778 0.7489643513427371 0.6761692625764247 0.7513524855255426 0.6742224332883635 0.7520950374503947 0.6671575236491353 0.7501638582982675 0.664756716236133 0.7426050599621352 0.6639622545174864 0.7402169257793296 0.6659090838055477 0.7394743738544773 0.6729739934447758 0.7414055530066046 0.675374800857778
0 0.5953757670212392 0.16386580900918818 0.6011176249629139 0.16117255413956671 0.6045026283432643 0.15493483541605965 0.5993061244325839 0.14724570585503766 0.5897019081866548 0.1451373458986546 0.5879108075495505 0.14659746786470063 0.5864828230786809 0.16018383255552404 0.5884140022308083 0.16258463996852623 0.5953757670212392 0.16386580900918818
0 0.5668119989139929 0.6070235939325138 0.5744279166289601 0.6072746010635276 0.576276136644899 0.6052710245098487 0.5765358937817194 0.59760591301737 0.5745475952507573 0.5957485601920006 0.5680686252483581 0.5950675930045892 0.5650834575198512 0.597501129614666 0.5643980249738338 0.6040225846662611 0.5668119989139929 0.6070235939325138
0 0.3872218595421165 0.6381485946126203 0.3947806578782489 0.6389430563312668 0.39722591143988917 0.6364527724555726 0.3974285491978748 0.629331115550727 0.39598016483377935 0.6275305099909751 0.38842136649764697 0.6267360482723285 0.38603323231484143 0.6286828775603899 0.38529068038998926 0.635747787199618 0.3872218595421165 0.6381485946126203
0 0.5465794962929632 0.4411585654902831 0.5530584662953624 0.44183953267769455 0.5561007534027039 0.43886254147998505 0.5567603461913678 0.42739324787407573 0.5553690812061072 0.4250491877266912 0.548464435794511 0.42322456409839626 0.545479268066004 0.4256581007084729 0.5441655223528039 0.4381575562240304 0.5465794962929632 0.4411585654902831
0 0.7169516546049405 0.32115142375790795 0.7193397887877461 0.31920459446984667 0.720139460091433 0.3115962302429856 0.7186910757273375 0.30979562468323396 0.7111893967700399 0.3084577083769543 0.7088012625872345 0.3104045376650156 0.7075187964955156 0.31741270003862615 0.7099327704356747 0.3204137093048789 0.7169516546049405 0.32115142375790795
0 0.6397738504122015 0.5828236251144763 0.6416220704281403 0.5808200485607975 0.6423646223529925 0.5737551389215694 0.6404334432008654 0.5713543315085672 0.6316805777733302 0.571533284433951 0.6297439587570752 0.5795716087172098 0.6321579326972343 0.5825726179834627 0.6397738504122015 0.5828236251144763
0 0.6034935230761554 0.673517198172078 0.6110523214122878 0.6743116598907248 0.6134975749739281 0.6718213760150306 0.6137002127319138 0.6646997191101848 0.6122518283678183 0.6628991135504331 0.604693030031686 0.6621046518317864 0.6023048958488804 0.6640514811198476 0.6015623439240282 0.6711163907590758 0.6034935230761554 0.673517198172078
1 0.9371009370731738 1 1 0.4015553914850951 1 0.05639147476625069 0.9991676434202189 0.056303990564464446 0.989220710901281 0.05745635813387899 0.9521951109028249 0.05136697845573161 0.6739679568300228 0.023772500425556765 0.5424002582510772 0.008295803851959072 0.46347095696279483 0 0.05689439893377586 0 0 0.5413140468598763 0 0.9436035844573188 0.5396153355063286 1 0.9371009370731738 1
0 0.4190863139412281 0.4596270604809412 0.4271020673080388 0.45607388549852435 0.42986419738533427 0.4453750355427185 0.42745022344517514 0.44237402627646566 0.4204313392759095 0.44163631182343666 0.4180432050931039 0.443583141111498 0.41667234000106906 0.45662605121468847 0.4190863139412281 0.4596270604809412
0 0.41500227754904717 0.38941663527358833 0.41679337818615114 0.38795651330754233 0.4182213626570207 0.3743701486167189 0.41629018350489355 0.3719693412037167 0.4092712993356278 0.3712316267506877 0.4069402845316571 0.37263500145111605 0.40497238589392087 0.3861646188763218 0.40738635983407995 0.3891656281425746 0.41500227754904717 0.38941663527358833
0 0.4095092954049493 0.18718818559703743 0.41652817957421506 0.1879259000500665 0.4190876718935249 0.18434870699910638 0.4207128542582524 0.17407981709969816 0.4182988803180933 0.17107880783344548 0.41127999614882754 0.17034109338041642 0.40889186196602195 0.17228792266847764 0.40811803041968864 0.18484412544965276 0.4095092954049493 0.18718818559703743
0 0.4900109081313254 0.5275219241038837 0.49075346005617754 0.5204570144646554 0.4883394861160186 0.5174560051984026 0.48240043028048596 0.5168317852766088 0.4794723819308139 0.5187218672990526 0.4781899158390951 0.525730029672663 0.4806868489154425 0.533135422905597 0.4900109081313254 0.5275219241038837
0 0.8265079908282805 0.31233630987339545 0.8279046956776688 0.304241238324519 0.8259735165255415 0.30184043091151674 0.8189546323562757 0.3011027164584877 0.816623617552305 0.302506091158916 0.8152269127029166 0.31060116270779253 0.8177809651580988 0.31746310135309347 0.8265079908282805 0.31233630987339545
0 0.35112513124510325 0.8673248999253975 0.3541102989736101 0.864891363315321 0.3550554886564479 0.850704796771247 0.35306719012548593 0.8488474439458777 0.3471281342899533 0.848223224024084 0.3442000859402812 0.8501133060465277 0.34271498209057677 0.864243125324984 0.3451860754095707 0.8667006800036038 0.35112513124510325 0.8673248999253975
0 0.46550261269937254 0.49582472041283954 0.4684306610490446 0.4939346383903958 0.46985864551991413 0.4803482736995724 0.4668476380340537 0.477833971755335 0.4644595038512483 0.4797808010433962 0.46308863875921347 0.4928237111465867 0.46550261269937254 0.49582472041283954