0 0.28773072747014117 0.6300546448087432 0.2904451682953312 0.6355191256830601 0.2964169381107492 0.6371584699453552 0.30347448425624324 0.63224043715847 0.30564603691639525 0.6284153005464481 0.30564603691639525 0.6213114754098361 0.30347448425624324 0.6191256830601093 0.2953311617806732 0.6185792349726775 0.28827361563517917 0.6207650273224044 0.28773072747014117 0.6300546448087432
0 0.8561346362649294 0.746448087431694 0.8583061889250814 0.7491803278688525 0.8669923995656894 0.7491803278688525 0.8718783930510314 0.7459016393442622 0.8735070575461454 0.7415300546448087 0.8724212812160694 0.7387978142076503 0.8686210640608035 0.7377049180327868 0.8583061889250814 0.7377049180327868 0.8566775244299674 0.739344262295082 0.8561346362649294 0.746448087431694
0 0.28773072747014117 0.7398907103825136 0.28773072747014117 0.7480874316939891 0.2915309446254072 0.753551912568306 0.2969598262757872 0.7557377049180328 0.30510314875135724 0.7480874316939891 0.30564603691639525 0.7404371584699454 0.30293159609120524 0.7377049180327868 0.2899022801302932 0.7377049180327868 0.28773072747014117 0.7398907103825136
0 0.5998914223669923 0.833879781420765 0.6020629750271443 0.8366120218579235 0.6091205211726385 0.8371584699453551 0.6112920738327905 0.8355191256830601 0.6118349619978284 0.8273224043715848 0.6096634093376764 0.825136612021858 0.6026058631921825 0.825136612021858 0.6004343105320304 0.826775956284153 0.5998914223669923 0.833879781420765
0 0.3127035830618893 0.3224043715846995 0.3154180238870793 0.32459016393442625 0.3224755700325733 0.32404371584699454 0.3246471226927253 0.32131147540983607 0.32410423452768733 0.3087431693989071 0.3213897937024973 0.30655737704918035 0.3154180238870793 0.30601092896174864 0.3132464712269273 0.3076502732240437 0.3127035830618893 0.3224043715846995
0 0.7372421281216069 0.8153005464480874 0.738870792616721 0.821311475409836 0.747014115092291 0.8240437158469944 0.749185667752443 0.8218579234972678 0.749185667752443 0.8081967213114755 0.7464712269272529 0.8060109289617486 0.740499457111835 0.8060109289617486 0.737785016286645 0.8081967213114755 0.7372421281216069 0.8153005464480874
0 0.6373507057546146 0.35300546448087433 0.6400651465798045 0.3557377049180328 0.6476655808903365 0.3551912568306011 0.6492942453854506 0.35355191256830604 0.6492942453854506 0.3398907103825136 0.6471226927252987 0.3377049180327869 0.6384364820846906 0.3387978142076503 0.6373507057546146 0.35300546448087433
0 0.7562432138979369 0.6398907103825137 0.7562432138979369 0.6469945355191257 0.7584147665580889 0.6491803278688525 0.766015200868621 0.6491803278688525 0.768186753528773 0.6469945355191257 0.768186753528773 0.6398907103825137 0.766015200868621 0.6377049180327868 0.7584147665580889 0.6377049180327868 0.7562432138979369 0.6398907103825137
0 0.5504885993485342 0.15300546448087432 0.5526601520086862 0.1551912568306011 0.5597176981541802 0.1557377049180328 0.5651465798045602 0.15245901639344261 0.5678610206297503 0.1459016393442623 0.5618892508143322 0.13879781420765028 0.5521172638436482 0.1377049180327869 0.5504885993485342 0.13934426229508196 0.5504885993485342 0.15300546448087432
0 0.5749185667752442 0.5901639344262295 0.5749185667752442 0.5967213114754099 0.5776330076004343 0.5994535519125683 0.5852334419109664 0.5989071038251367 0.5868621064060803 0.5967213114754099 0.5863192182410424 0.5890710382513661 0.5841476655808904 0.587431693989071 0.5776330076004343 0.587431693989071 0.5749185667752442 0.5901639344262295
0 0.40010857763300756 0.6398907103825137 0.40010857763300756 0.6469945355191257 0.40228013029315957 0.6491803278688525 0.4098805646036916 0.6491803278688525 0.4120521172638436 0.646448087431694 0.41150922909880566 0.639344262295082 0.4098805646036916 0.6377049180327868 0.40228013029315957 0.6377049180327868 0.40010857763300756 0.6398907103825137
0 0.5374592833876222 0.42131147540983604 0.5374592833876222 0.433879781420765 0.5401737242128122 0.4366120218579235 0.5466883821932682 0.4366120218579235 0.5494028230184582 0.4333333333333333 0.5488599348534202 0.4218579234972678 0.5472312703583062 0.419672131147541 0.5401737242128122 0.41857923497267757 0.5374592833876222 0.42131147540983604
0 0.6872964169381107 0.2967213114754098 0.6900108577633007 0.29945355191256834 0.6970684039087948 0.29945355191256834 0.6992399565689468 0.29726775956284157 0.6992399565689468 0.2896174863387978 0.6976112920738328 0.28797814207650274 0.6900108577633007 0.28743169398907104 0.6878393051031487 0.2896174863387978 0.6872964169381107 0.2967213114754098
0 0.6373507057546146 0.5655737704918032 0.6400651465798045 0.5683060109289617 0.6476655808903365 0.5677595628415301 0.6492942453854506 0.5655737704918032 0.6492942453854506 0.5584699453551913 0.6471226927252987 0.5562841530054645 0.6384364820846906 0.5573770491803278 0.6373507057546146 0.5655737704918032
0 0.6188925081433225 0.6524590163934426 0.6188925081433225 0.6595628415300546 0.6210640608034745 0.6617486338797814 0.6286644951140066 0.6617486338797814 0.6308360477741586 0.659016393442623 0.6302931596091205 0.651912568306011 0.6286644951140066 0.6502732240437158 0.6210640608034745 0.6502732240437158 0.6188925081433225 0.6524590163934426
1 0.007057546145494029 0.7382513661202186 0.010857763300760043 0.8120218579234972 0.01248642779587405 0.8939890710382514 0.01737242128121607 0.9207650273224044 0.018458197611292075 0.9836065573770492 0.021715526601520086 0.9912568306010929 0.026058631921824105 0.992896174863388 0.04071661237785016 0.9934426229508198 0.9739413680781759 0.992896174863388 0.9847991313789359 0.9907103825136613 0.9869706840390879 0.980327868852459 0.9869706840390879 0.02185792349726776 0.9804560260586319 0.014207650273224043 0.9690553745928339 0.008196721311475409 0.9609120521172638 0.006557377049180328 0.9500542888165038 0.006557377049180328 0.9402823018458196 0.008743169398907104 0.9028230184581976 0.006557377049180328 0.6232356134636265 0.008196721311475409 0.4907709011943539 0.006557377049180328 0.08523344191096634 0.006557377049180328 0.027687296416938113 0.01092896174863388 0.023344191096634093 0.015846994535519125 0.015200868621064059 0.019672131147540982 0.007057546145494029 0.02786885245901639 0.007057546145494029 0.7382513661202186
0 0.41259500542888167 0.4524590163934426 0.41259500542888167 0.46557377049180326 0.4153094462540716 0.46830601092896174 0.42290988056460366 0.4639344262295082 0.4245385450597177 0.4530054644808743 0.42182410423452765 0.45027322404371584 0.4147665580890337 0.45027322404371584 0.41259500542888167 0.4524590163934426
0 0.3935939196525516 0.39672131147540984 0.3963083604777416 0.3994535519125683 0.40390879478827363 0.3989071038251366 0.4055374592833876 0.39726775956284155 0.4055374592833876 0.3836065573770492 0.40336590662323557 0.38142076502732236 0.3963083604777416 0.38142076502732236 0.3941368078175896 0.3830601092896175 0.3935939196525516 0.39672131147540984
0 0.3751357220412595 0.18360655737704917 0.3756786102062975 0.19617486338797813 0.3773072747014115 0.19836065573770492 0.38436482084690554 0.19836065573770492 0.38653637350705755 0.19453551912568307 0.38707926167209555 0.18415300546448088 0.38436482084690554 0.1814207650273224 0.3773072747014115 0.1814207650273224 0.3751357220412595 0.18360655737704917
0 0.48099891422366986 0.5278688524590164 0.4842562432138979 0.5349726775956285 0.4929424538545059 0.5284153005464481 0.4929424538545059 0.521311475409836 0.49022801302931596 0.5185792349726775 0.4842562432138979 0.5185792349726775 0.4815418023887079 0.5207650273224044 0.48099891422366986 0.5278688524590164
0 0.7937024972855592 0.2786885245901639 0.7969598262757872 0.28524590163934427 0.8051031487513572 0.27923497267759567 0.8056460369163952 0.2710382513661202 0.8034744842562432 0.26885245901639343 0.7964169381107491 0.26885245901639343 0.7942453854505971 0.27049180327868855 0.7937024972855592 0.2786885245901639
0 0.38165038002171553 0.878688524590164 0.38436482084690554 0.8808743169398907 0.39033659066232357 0.8808743169398907 0.3930510314875136 0.8781420765027322 0.3925081433224756 0.8639344262295081 0.39033659066232357 0.862295081967213 0.38436482084690554 0.862295081967213 0.38165038002171553 0.8644808743169399 0.38165038002171553 0.878688524590164
0 0.4625407166123779 0.4836065573770492 0.4625407166123779 0.4967213114754099 0.46525515743756785 0.4994535519125683 0.4679695982627578 0.4972677595628415 0.4679695982627578 0.4836065573770492 0.4647122692725298 0.48142076502732245 0.4625407166123779 0.4836065573770492