1 0.019751928027754904 0.5201336934847066 0.026602865685643677 0.5451814075505241 0.04364006591751931 0.6795455976050474 0.047452269413610845 0.6974154911412302 0.05306363666213256 0.7123677143712956 0.07598190344157965 0.8902366769585722 0.08283284109946842 0.9152843910243899 0.09398965491621152 0.9754006522038731 0.10827937529518092 0.9995349985996308 0.10887454994654158 1 0.31973311183648134 1 0.9605600755894447 0.921316342640851 0.9864000934696422 0.9165255309268379 1 0.9115508537512342 1 0.6802668881635177 0.9164737288400573 0 0.6231621678071876 0 0.03965448053422536 0.07164573516528003 0.014345804276962072 0.07637130633143156 0 0.08117519638607015 0 0.3828075906395376 0.012603039350687708 0.47948135071020903 0.019751928027754904 0.5201336934847066
0 0.4876505973600027 0.8342965955887609 0.4890489005852213 0.8325068490763735 0.4892634567088914 0.8254689268825045 0.48509679875336403 0.8178902458256581 0.47752753493656064 0.8177409302498495 0.4735377641445318 0.8203882211244782 0.4713377398648902 0.8244338152243256 0.47198072810346153 0.8340632049850049 0.47496363895744026 0.8363937103603692 0.4876505973600027 0.8342965955887609
0 0.6797851094007533 0.66400165774536 0.6869535126903452 0.6652788971148987 0.6892840180657098 0.6622959862609199 0.6877182449170355 0.6495437873104961 0.6847353340630566 0.6472132819351316 0.6783592345878449 0.6479961685094687 0.6760287292124803 0.6509790793634476 0.6784614639634389 0.6620067723493455 0.6797851094007533 0.66400165774536
0 0.8013130254769054 0.6566308361018962 0.8072418583571302 0.6478125846356829 0.8059276301598587 0.6415017257083323 0.8035413014766757 0.6396373214080409 0.7917865452242591 0.640541271838058 0.7889246982259602 0.643589423239898 0.7899591297517002 0.6564068627381834 0.7934733822286133 0.6586721275656864 0.8013130254769054 0.6566308361018962
0 0.7821471627051996 0.2501551746895755 0.7886073372083588 0.2412716826755006 0.7878244506340217 0.23489558320028867 0.7853728814029771 0.23249983727706272 0.7720241002817575 0.23359950935066412 0.770159695981466 0.23598583803384715 0.7718559502258631 0.24980072023013963 0.7747736205319804 0.2515998839825698 0.7821471627051996 0.2501551746895755
0 0.2620880737562668 0.5917767613723616 0.27430893108375626 0.5902762287715487 0.2767046770069822 0.5878246595405042 0.27651837260344087 0.5819146611403652 0.2734049806537392 0.5785214725191322 0.260121440080381 0.580152486215668 0.2582570357800894 0.5825388148988508 0.259105162902288 0.5894462559969971 0.2620880737562668 0.5917767613723616
0 0.44646293678203913 0.5998814476067327 0.44826210053446935 0.5969637773006153 0.4460997452149993 0.5837454772751186 0.4437786570796777 0.5824124145977614 0.4374025576044659 0.5831953011720985 0.4354729127563128 0.5850502882323472 0.43770050862364424 0.5987999298807782 0.44114952055269596 0.6005338530853469 0.44646293678203913 0.5998814476067327
0 0.7629279879272277 0.5680360032751908 0.7703015301004468 0.5665912939821964 0.7716345927778041 0.5642702058468748 0.7701246429369484 0.5563653220507214 0.7678035548016268 0.5550322593733641 0.7609613542513419 0.5564117281184969 0.7590969499510503 0.5587980568016799 0.7599450770732489 0.5657054978998263 0.7629279879272277 0.5680360032751908
0 0.21762818379864846 0.7919418773779162 0.21995868917401298 0.7889589665239376 0.2191758025996758 0.7825828670487256 0.21566155012276272 0.7803176022212225 0.20397203441820752 0.7817528942741739 0.2015762884949816 0.7842044635052183 0.2018930739942459 0.7911771451512261 0.20547256701902036 0.7939737516016634 0.21762818379864846 0.7919418773779162
0 0.7015358476430835 0.5248749076969526 0.7086578448648997 0.5169888583808848 0.7082105782699127 0.5089534934890085 0.705227667415934 0.506622988113644 0.6983202263177877 0.5074711152358427 0.6964558220174961 0.5098574439190255 0.6980215951661705 0.5226096428694494 0.7015358476430835 0.5248749076969526
0 0.5229976854944235 0.4588822362828685 0.5293737849696355 0.45809934970853144 0.531704290345 0.45511643885455266 0.5301385171963257 0.4423642399041288 0.5271556063423469 0.4400337345287643 0.5197820641691278 0.4414784438217586 0.518383760943909 0.443268190334146 0.5200147746404448 0.4565517309075041 0.5229976854944235 0.4588822362828685
0 0.7472331629986506 0.8531229668146864 0.7551380467948041 0.8516130169738307 0.7564711094721613 0.8492919288385089 0.7550264001791671 0.8419183866652897 0.7527053120438455 0.8405853239879326 0.7457978709456993 0.8414334511101312 0.7439334666454076 0.843819779793314 0.7448468343154677 0.8512585625143947 0.7472331629986506 0.8531229668146864
0 0.38905591097695325 0.3431869402891955 0.3914516569001791 0.34073537105815116 0.3911348714009149 0.3337626894121434 0.38868330216987046 0.3313669434889175 0.38171062052386273 0.33168372898818177 0.3793148746006369 0.3341352982192262 0.3796969006477625 0.34163932148816817 0.3820832293309455 0.34350372578845983 0.38905591097695325 0.3431869402891955
0 0.35838265149549875 0.5546037226443612 0.3657561936687178 0.553159013351367 0.36708925634607514 0.5508379252160454 0.3662411292238765 0.543930484117899 0.3638548005406935 0.5420660798176075 0.35641601781961296 0.5429794474876675 0.35455161351932135 0.5453657761708505 0.3560615633601771 0.5532706599670039 0.35838265149549875 0.5546037226443612
0 0.48189739599250014 0.4887389164103461 0.48887007763850787 0.4884221309110819 0.4912005830138722 0.48543922005710305 0.48969063317301653 0.47753433626094965 0.48736954503769503 0.47620127358359243 0.48099344556248314 0.47698416015792955 0.4786629401871186 0.4799670710119083 0.4801076494801129 0.4873406131851274 0.48189739599250014 0.4887389164103461
0 0.5627756898239105 0.3655443580748033 0.5641739930491291 0.36375461156241606 0.5637919670020034 0.356250588293474 0.5608090561480246 0.3539200829181096 0.5544329566728127 0.35470296949244673 0.5520372107495868 0.3571545387234912 0.5523539962488512 0.3641272203694988 0.5542089833090997 0.36605686521765185 0.5627756898239105 0.3655443580748033
0 0.5448835611454472 0.531704290345 0.5472140665208118 0.5287213794910213 0.5464311799464747 0.5223452800158093 0.544576192886226 0.5204156351676562 0.5350772842212695 0.5221213066520962 0.5348627280975994 0.5291592288459654 0.5379761200473011 0.5325524174671986 0.5448835611454472 0.531704290345
0 0.6073020759801663 0.5305124862682862 0.6136781754553782 0.5297295996939491 0.6160086808307427 0.5267466888399703 0.6151605537085441 0.5198392477418241 0.6121776428545653 0.5175087423664595 0.6058015433793534 0.5182916289407966 0.6034710380039889 0.5212745397947756 0.6049809878448447 0.529179423590929 0.6073020759801663 0.5305124862682862
0 0.22261074097571393 0.5777466429199601 0.22500648689893982 0.5752950736889156 0.22468970139967565 0.568322392042908 0.22223813216863117 0.5659266461196821 0.21526545052262352 0.5662434316189462 0.2128697045993976 0.5686950008499907 0.2131864900986618 0.5756676824959983 0.2156380593297063 0.5780634284192243 0.22261074097571393 0.5777466429199601
0 0.12020442661491022 0.4641121530026019 0.1281093104110637 0.46260220316174616 0.12944237308842094 0.46028111502642455 0.1274010816246309 0.45244147177813254 0.11876913456195878 0.45242263729804666 0.11690473026166726 0.4548089659812297 0.11781809793172723 0.46224774870231033 0.12020442661491022 0.4641121530026019
0 0.5181490100752754 0.5204243722752603 0.5200880721634713 0.5142534116836754 0.5191747044934114 0.506814628962595 0.5167231352623669 0.5044188830393691 0.5092843525412862 0.5053322507094291 0.5074199482409948 0.507718579392612 0.5083333159110548 0.5151573621136927 0.5181490100752754 0.5204243722752603
0 0.43432819487981356 0.5010519057409478 0.4361925991801052 0.49866557705776493 0.43527923151004516 0.4912267943366843 0.43183021958099344 0.4894928711321156 0.4299658152807019 0.49187919981529865 0.43087918295076194 0.49931798253637927 0.43432819487981356 0.5010519057409478