1 0.02734777925277355 0.40054927645257743 0.012488514548620423 0.47731134322097485 0.013027407042392919 0.4875534205336972 0 0.5740544108972867 0 0.8881306108897855 0.0039828310860279825 0.889182518618807 0.05283312486161375 0.8979887740188477 0.07852477719360759 0.9063344478372848 0.18579482723179225 0.9249280481172256 0.2244974952388012 0.9364035933321091 0.3434452005934442 0.9563121880332975 0.34045994514470557 0.9649269661858192 0.35063905059358913 0.9654700491446395 0.3519724109521457 0.9672849261198386 0.35362583278470583 0.965943108970351 0.3546076519889524 0.9677023072965735 0.356612087927615 0.9664160853198268 0.35724289302575907 0.9681196884733083 0.3644563784197996 0.970331321280938 0.534610354643001 0.9978156280543968 0.5553881540040356 1 0.9011074046112295 1 1 0.375616726074005 1 0.09322577546099256 0.41565593284136143 0 0.09184208736095714 0 0.051166548231700415 0.25357461538706433 0.0429344992821707 0.2816718333408671 0.02734777925277355 0.40054927645257743
0 0.669194634099768 0.6085861629217686 0.672160254154611 0.6069176130729594 0.6733165807177384 0.599616854483555 0.6710943134534773 0.5965920595248899 0.6589722046841665 0.5946721061119096 0.6560065846293235 0.5963406559607188 0.6544058046133439 0.6030364555583902 0.6565454771230959 0.6065827332734413 0.669194634099768 0.6085861629217686
0 0.8099794648258574 0.6372990633067372 0.8129450848807004 0.635630513457928 0.8146284596511888 0.6284132311038706 0.8124061923869277 0.6253884361452057 0.8055545656912304 0.6243032450856949 0.8031159938437489 0.6260552711698512 0.8015152138277692 0.6327510707675226 0.8032104328846689 0.6356923894908405 0.8099794648258574 0.6372990633067372
0 0.7097745538891396 0.8742771637770795 0.7128227686984916 0.8720871311718843 0.7138139057526007 0.865829338095252 0.7125631401485533 0.863492978363667 0.704212963585281 0.8616358758417293 0.7023840346996696 0.8629498954048465 0.700700659929181 0.8701671777589037 0.7019514255332285 0.8725035374904889 0.7097745538891396 0.8742771637770795
0 0.639094610599223 0.7679300830141566 0.6462451366326499 0.7637169702744601 0.6487859386285364 0.7544972331302054 0.6475351730244887 0.7521608733986204 0.6345241573494735 0.749031002002174 0.6314759425401214 0.7512210346073692 0.6298751625241418 0.7579168342050406 0.6315192665068393 0.7645920084584079 0.639094610599223 0.7679300830141566
0 0.7524710430403097 0.3625120773729968 0.7652027947714906 0.36399402426493815 0.7676413666189724 0.36224199818078195 0.7692421466349519 0.3555461985831106 0.7670198793706907 0.35252140362444556 0.7538436741866574 0.3504344977407712 0.7514051023391757 0.35218652382492743 0.7502487757760484 0.35948728241433187 0.7524710430403097 0.3625120773729968
0 0.8869434548148429 0.47201355430919145 0.8899916696241952 0.4698235217039962 0.8910654014328134 0.4630442458709778 0.8892875876214046 0.4606244099040458 0.8743650483062689 0.4593300408271025 0.8725164840267621 0.4675902886939321 0.8748213460455323 0.47009360089621105 0.8869434548148429 0.47201355430919145
0 0.4373485911139105 0.5953861942975138 0.4409749692048264 0.5895457823976163 0.4417694370696106 0.5811185820600928 0.4399090285036925 0.5792202288495469 0.42551353739591835 0.5780093360079507 0.42222938260945 0.5919224179596795 0.4244516498737112 0.5949472129183444 0.4373485911139105 0.5953861942975138
0 0.3660094660397657 0.8513694270757505 0.3752367052223312 0.8442778465037787 0.37561819931456997 0.8384580599481855 0.37295147859745653 0.8348283059977872 0.36302015741210036 0.8327207747698087 0.35891784618802547 0.8347438549043101 0.3564085238724459 0.8471759648222278 0.358630791136707 0.8502007597808928 0.3660094660397657 0.8513694270757505
0 0.6616928326529333 0.3353046737986646 0.669154102310501 0.33595185833713626 0.6709830311961125 0.3346378387740191 0.6717774990608966 0.3262106384364956 0.6699170904949785 0.3243122852259496 0.6635925120066426 0.3233105704017859 0.6605442971972904 0.32550060300698125 0.6594705653886721 0.3322798788399996 0.6616928326529333 0.3353046737986646
0 0.509963116116032 0.576951594299656 0.5130113309253841 0.5747615616944607 0.5140024679794932 0.5685037686178284 0.5123072489225934 0.5655624498945102 0.5055382169814051 0.5639557760786136 0.5025725969265622 0.5656243259274228 0.5009718169105826 0.5723201255250941 0.5031114894203346 0.5758664032401454 0.509963116116032 0.576951594299656
0 0.5037681942774807 0.5444311107305937 0.5098135088219826 0.5437849010502525 0.5121065265543417 0.536129612175156 0.5070208693836423 0.5273056560052019 0.5008614804043244 0.5252609756682661 0.4963147157273974 0.5266790968110343 0.49372279865730856 0.5396326894853382 0.4954180177142084 0.5425740082086562 0.5037681942774807 0.5444311107305937
0 0.5762602232365639 0.39714706950051804 0.5786987950840456 0.3953950434163619 0.5802995751000253 0.3886992438186905 0.578077307835764 0.38567444886002544 0.571752729347428 0.38467273403586183 0.5693967522544555 0.38590327736363195 0.5676307827294577 0.3936420424740754 0.5688815483335052 0.39597840220566044 0.5762602232365639 0.39714706950051804
0 0.3767720038747461 0.25810377897466674 0.38317917711759114 0.25858401104244433 0.38500810600320245 0.25726999147932716 0.38812707128065255 0.24439987504037047 0.3859048040163914 0.24137508008170538 0.37325564703971936 0.23937165043337805 0.37089966994674683 0.24060219376114816 0.3690511056672399 0.24886244162797772 0.3711907781769919 0.2524087193430288 0.3767720038747461 0.25810377897466674
0 0.3021135064052685 0.5691559807705201 0.30896513310096585 0.5702411718300308 0.3114862997029566 0.5679676629894885 0.313468573811175 0.5554520768362238 0.3112463065469138 0.5524272818775587 0.3043946798512165 0.5513420908180481 0.3019561080037348 0.5530941169022043 0.2998912391410073 0.5661311858118551 0.3021135064052685 0.5691559807705201
0 0.38658488219599085 0.15862529942889064 0.3890234540434726 0.1568732733447344 0.3882367772861728 0.14819564430117005 0.3752257616111577 0.1450657729047236 0.372787189763676 0.14681779898887984 0.37118640974769634 0.15351359858655117 0.37340867701195757 0.15653839354521626 0.38658488219599085 0.15862529942889064
0 0.43518896795989387 0.5271544545881608 0.4426502376174617 0.5278016391266325 0.44447916650307295 0.5264876195635153 0.44527363436785716 0.5180604192259918 0.44341322580193915 0.5161620660154458 0.43708864731360314 0.5151603511912821 0.43404043250425095 0.5173503837964775 0.43332855939397585 0.5252561013776148 0.43518896795989387 0.5271544545881608
0 0.41074092062520096 0.6815133504784251 0.4182021902827688 0.6821605350168969 0.42011371392288915 0.6803250326973936 0.42082558703316425 0.6724193151162562 0.41896517846724624 0.6705209619057102 0.4126405999789102 0.6695192470815465 0.4095923851695581 0.6717092796867419 0.408880512059283 0.6796149972678792 0.41074092062520096 0.6815133504784251
0 0.449824136973342 0.4722740382436725 0.4572028118764006 0.4734427055385301 0.4596413837238824 0.47169067945437393 0.4607151155325006 0.4649114036213556 0.4584928482682395 0.4618866086626906 0.4516412215725422 0.46080141760317994 0.4492026497250604 0.46255344368733614 0.4480463231619331 0.4698542022767406 0.449824136973342 0.4722740382436725
0 0.651482562774112 0.4031809083641953 0.6539211346215937 0.40142888228003903 0.6555219146375733 0.3947330826823676 0.6538266955806734 0.39179176395904963 0.6470576636394851 0.3901850901431529 0.6440920435846421 0.39185363999196215 0.6424912635686625 0.3985494395896335 0.6446309360784146 0.4020957173046845 0.651482562774112 0.4031809083641953
0 0.23960328320500596 0.5715503171024966 0.24151480684512636 0.5697148147829934 0.2435796757078538 0.5566777458733427 0.24180186189644487 0.5542579099064107 0.23758547623755416 0.553590100023635 0.23242906859875673 0.5554462276874423 0.23028160498152023 0.5690047793534789 0.23214201354743821 0.5709031325640249 0.23960328320500596 0.5715503171024966
0 0.6904831843677439 0.19446307888582853 0.7026052931370546 0.19638303229880893 0.7055709131918976 0.19471448244999973 0.7072542879623862 0.18749720009594234 0.7050320206981251 0.18447240513727733 0.6912461725522214 0.18282350577464196 0.6894172436666101 0.18413752533775912 0.6882609171034828 0.1914382839271635 0.6904831843677439 0.19446307888582853
0 0.5616250542231158 0.45202748584500635 0.5640636260705976 0.45027545976085015 0.5652199526337249 0.4429747011714458 0.563442138822316 0.4405548652045138 0.5565905121266186 0.43946967414500315 0.5542345350336461 0.4407002174727734 0.5525511602631573 0.44791749982683066 0.5542463793200572 0.45085881855014875 0.5616250542231158 0.45202748584500635
0 0.4067632671208775 0.4098591605155219 0.41266302755025697 0.4033096880442404 0.4121870944170979 0.3994923562788443 0.40708180185250276 0.3976146284126025 0.4016461302698713 0.3978228315719047 0.39904236891337136 0.400617823168833 0.3988575440104576 0.4086070169853174 0.40274355065131184 0.41136075789363735 0.4067632671208775 0.4098591605155219