1 0.03166213057304544 0.6372656681551069 0.03550615764466896 0.6467742962723619 0.07366432914023 0.853961090998871 0.08324189855523322 0.9021322199342248 0.08816153652469057 0.9146679573993073 0.09388840717411254 0.9410006884325952 0.10429157764667105 1 0.39546785745872665 1 0.5005352459761843 0.9824209071720537 0.5005173289206672 0.9915382440469591 0.5103186727221911 0.9887377464975975 0.5121702558565564 0.990019646718914 0.5132967439795657 0.9882126321844499 0.5147978112274535 0.9895563378137193 0.5162742897258662 0.9876876105330835 0.5174253665983505 0.9890930289085247 0.5249658882447471 0.9888356876836022 0.6947976485086379 0.9594258942628432 0.7833093813836552 0.9389937347929275 0.8849163853081656 0.9221499347620388 1 0.9000035389716343 1 0.6037588609749747 0.8935410229683007 0 0.5697450088921245 0 0 0.09979990292084584 0 0.4582774985075213 0.020720556960465424 0.5598480047378707 0.03166213057304544 0.6372656681551069
0 0.6953288660950845 0.5475858493276707 0.697589688250212 0.5450426930032318 0.6963061219950182 0.5377632270358764 0.693220150104409 0.5356267266670156 0.6811333953982827 0.5377579476309107 0.6788725732431552 0.5403011039553496 0.6795389451202272 0.5471532698489328 0.6827166003147787 0.5498097320726048 0.6953288660950845 0.5475858493276707
0 0.837791544696654 0.5288993724859351 0.8400523668517812 0.5263562161614962 0.8392943116707666 0.5189840884131021 0.8362083397801578 0.5168475880442412 0.8293766958158256 0.5180521911977471 0.8276413847348774 0.5205026857411471 0.8283077566119494 0.5273548516347302 0.830868217428379 0.5295840137846299 0.837791544696654 0.5288993724859351
0 0.8201984628566041 0.785590096412096 0.822367601707789 0.7825269782328459 0.8212674020604801 0.7762874359751128 0.8193241356221721 0.7744855738989853 0.8108242751313594 0.7754482005407969 0.8095227918206482 0.7772860714483469 0.8102808470016626 0.784658199196741 0.8122241134399705 0.7864600612728687 0.8201984628566041 0.785590096412096
0 0.7187460407377907 0.7080480947840263 0.7241353405885195 0.7017365348634482 0.7235360632659148 0.6921918979147708 0.721592796827607 0.6903900358386432 0.7082716533652369 0.6916666566549938 0.7061025145140519 0.6947297748342439 0.7067688863911239 0.701581940727827 0.7104966414093299 0.7073581740803656 0.7187460407377907 0.7080480947840263
0 0.6939543717657256 0.28780608369909993 0.7064749542420888 0.2850622390993548 0.7082102653230369 0.28261174455595484 0.7075438934459648 0.2757595786623718 0.7044579215553558 0.27362307829351085 0.6913201447008707 0.27593962281948375 0.6895848336199226 0.2783901173628838 0.6908683998751164 0.28566958333023906 0.6939543717657256 0.28780608369909993
0 0.8567507287606368 0.3475618292709945 0.8589198676118219 0.34449871109174446 0.8577279846605705 0.3377392069792002 0.8552592071480832 0.33603000668411154 0.8407282636789446 0.3396644602628233 0.8416696854678438 0.34807651172083975 0.8446639740545105 0.34969305023488956 0.8567507287606368 0.3475618292709945
0 0.47181663634886756 0.6105867221292098 0.4733439920724557 0.6038838709662822 0.4713515481351977 0.5956571430703435 0.46897445392665277 0.594467904630066 0.45496902153169366 0.5980096964277388 0.45639344858978 0.6122339900697161 0.45947942048038914 0.6143704904385772 0.47181663634886756 0.6105867221292098
0 0.487704157091848 0.8758493710539741 0.49411989034146037 0.8661400546614129 0.4925858629239145 0.8605131360395297 0.4888826966551836 0.8579493355968966 0.47880630294183246 0.8591899475818249 0.4755861419422886 0.862438389323153 0.4772610301627272 0.875010135619658 0.48034700205333625 0.8771466359885188 0.487704157091848 0.8758493710539741
0 0.5992640234155321 0.29163547264648315 0.6065294951501013 0.2898182458571272 0.6078309784608122 0.2879803749495772 0.6058385345235543 0.2797536470536386 0.6034614403150094 0.278564408613361 0.5971553074248566 0.279676349985828 0.5949861685736715 0.28273946816507806 0.5961780515249229 0.2894989722776223 0.5992640234155321 0.29163547264648315
0 0.5344732998972359 0.5695154885057685 0.5366424387484209 0.5664523703265182 0.535542239101112 0.5602128280687853 0.5329817782846822 0.5579836659188854 0.5260584510164075 0.5586683072175802 0.5237976288612802 0.5612114635420192 0.5244640007383522 0.5680636294356023 0.5276416559329037 0.5707200916592743 0.5344732998972359 0.5695154885057685
0 0.518028252406866 0.5407836364737312 0.5235338243110123 0.5382044713178699 0.5232095969002348 0.5302197199336256 0.5155282144509459 0.5235322334839262 0.5090387149529081 0.523604251146771 0.5052013595752425 0.5264253928143268 0.5069679310996233 0.539517100965643 0.5095283919160531 0.5417462631155427 0.518028252406866 0.5407836364737312
0 0.5386198188862953 0.3779227435202954 0.5403551299672433 0.37547224897689546 0.5396887580901714 0.36862008308331234 0.5366027861995623 0.3664835827144514 0.5302966533094093 0.3675955240869185 0.528469658924519 0.3695260567755073 0.5293193974094759 0.3774181463787127 0.5312626638477836 0.3792200084548402 0.5386198188862953 0.3779227435202954
0 0.3047319343803136 0.31140174092922196 0.310946383966524 0.3097698377019439 0.312247867277235 0.3079319667943938 0.3110068068270335 0.29474759686203866 0.30792083493642436 0.2926110964931778 0.29530856915611864 0.2948349792381118 0.29348157477122827 0.29676551192670075 0.2944229965601275 0.3051775633847172 0.297600651754679 0.30783402560838913 0.3047319343803136 0.31140174092922196
0 0.33540962947509895 0.6298138049439506 0.3422412734394313 0.6286092017904447 0.3438849012164368 0.6256387453922334 0.3416845019218189 0.6131596608767673 0.3385985300312099 0.6110231605079064 0.33176688606687754 0.6122277636614124 0.3300315749859295 0.6146782582048125 0.33232365758448984 0.6276773045750896 0.33540962947509895 0.6298138049439506
0 0.281623168119224 0.21414822996135366 0.28335847920017204 0.21169773541795361 0.2797895020403757 0.2037489928651318 0.26646835857800577 0.20502561368148253 0.26473304749705784 0.20747610822488255 0.26539941937412975 0.21432827411846572 0.26848539126473886 0.21646477448732657 0.281623168119224 0.21414822996135366
0 0.4475605909678754 0.5467754493131352 0.45482606270244474 0.5449582225237791 0.45612754601315564 0.5431203516162293 0.4541351020758976 0.5348936237202906 0.45175800786735276 0.533704385280013 0.44545187497719996 0.53481632665248 0.44328273612601493 0.53787944483173 0.4451834967593305 0.5455862108728575 0.4475605909678754 0.5467754493131352
0 0.4746988489348297 0.7006841583372183 0.481964320669399 0.6988669315478624 0.48317412067616755 0.6965090987855013 0.4812733600428519 0.6888023327443739 0.47889626583430706 0.6876130943040962 0.4725901329441542 0.6887250356765633 0.4704209940929692 0.6917881538558133 0.47232175472628474 0.6994949198969407 0.4746988489348297 0.7006841583372183
0 0.44353109926201073 0.49012025125692016 0.4508882543005224 0.48882298632237536 0.45262356538147025 0.4863724917789753 0.4514316824302189 0.4796129876664311 0.44834571053960987 0.47747648729757036 0.44151406657527764 0.4786810904510762 0.4397787554943296 0.4811315849944763 0.44106232174952337 0.4884110509618315 0.44353109926201073 0.49012025125692016
0 0.6117083640022252 0.3591378519908862 0.6134436750831731 0.3566873574474861 0.6127773032061011 0.34983519155390297 0.6102168423896714 0.3476060294040032 0.6032935151213967 0.348290670702698 0.6010326929662693 0.35083382702713706 0.6016990648433413 0.3576859929207202 0.6048767200378928 0.3603424551443921 0.6117083640022252 0.3591378519908862
0 0.2770845719351427 0.6524290324240811 0.27829437194191126 0.6500711996617199 0.27600228934335097 0.6370721532914427 0.27353351183086366 0.6353629529963539 0.2693294232374284 0.6361042472446654 0.26505824008952583 0.639538012548071 0.26744200599202855 0.6530570207731594 0.26981910020057337 0.654246259213437 0.2770845719351427 0.6524290324240811
0 0.5806322976333486 0.14909390676539913 0.592719052339475 0.14696268580150407 0.5949798744946022 0.14441952947706507 0.594221819313588 0.13704740172867091 0.5911358474229789 0.13491090135981004 0.5775642427982566 0.137840069521633 0.5762627594875457 0.13967794042918294 0.5775463257427395 0.14695740639653826 0.5806322976333486 0.14909390676539913
0 0.5426493105921602 0.43457794157651036 0.5443846216731081 0.4321274470331103 0.5431010554179143 0.42484798106575505 0.540632277905427 0.4231387807706664 0.5338006339410947 0.42434338392417226 0.5319736395562044 0.42627391661276126 0.5327316947372187 0.43364604436115545 0.5352921555536484 0.43587520651105516 0.5426493105921602 0.43457794157651036
0 0.3824959503824178 0.4451250728983805 0.38594198379483874 0.437011650901675 0.38424917851888307 0.43355724148007513 0.3788107011692041 0.43344393558084215 0.3737389570352949 0.43541047710085345 0.37218701256223174 0.43890089535387566 0.37461328426972673 0.44651499961396424 0.37918410607893166 0.44785355278489736 0.3824959503824178 0.4451250728983805