1 0.03895745275434189 0.2355778836617249 0.027519899403063087 0.3785942062388572 0.026060470388500533 0.41984453532025706 0.027553986038797475 0.44576928676974176 0.016282996629233427 0.5807395300031246 0.016296534552603204 0.5990115251655241 0.018676537950333503 0.6148036752960885 0.004112948858105503 0.7935507498925715 0.0056064645084023534 0.8194755013420562 0.0040206016676149255 0.8805977100046324 0.01298024460553735 0.9071756629522258 0.022712995733418402 0.9187747040747034 0.026672818492180728 0.9287939258361491 0.050251169525049766 0.9356931553364009 0.07948906936956304 0.939325893691489 0.7729972778991445 1 0.9203030197249449 1 0.931847195789733 0.9875661044694717 0.9339136527071592 0.9823731281564767 1 0.22700272210085468 1 0.06064260052555874 0.3068519042174013 0 0.07218520969611447 0 0.06894597745797046 0.0033678838241258725 0.0611532494212905 0.006447745969829821 0.058853506254539965 0.014307196314119608 0.05326067975050577 0.022953292771737833 0.03833035979373349 0.19360763077460635 0.03743734491192502 0.21609932713721264 0.03895745275434189 0.2355778836617249
0 0.4184162910137109 0.8244238277251548 0.4201561471820826 0.8229639150559726 0.42182928104284434 0.8161243970743357 0.4193293709532643 0.8078450314812617 0.4119565581653686 0.8061252403706349 0.4075035707158373 0.8078851615967515 0.40451049593548805 0.8113849389912398 0.40313737063166066 0.8209375882540362 0.4055705584136309 0.8238373485346555 0.4184162910137109 0.8244238277251548
0 0.6417585114492583 0.697797254119357 0.6485047149311651 0.7005369775926367 0.6514044752117847 0.6981037898106666 0.6525242492085426 0.6853047144604514 0.6500910614265722 0.6824049541798318 0.6436915237514647 0.681845067181453 0.6407917634708452 0.6842782549634233 0.6408785508362 0.6955707603945914 0.6417585114492583 0.697797254119357
0 0.7621632309719344 0.7158545771263178 0.7697959222012747 0.7084616992806774 0.7698225143933948 0.7020155043557047 0.7678759641678186 0.6996956961312093 0.7561901356799863 0.6981359418279223 0.7527570805931079 0.7005224723600275 0.7511040117900909 0.7132748904603778 0.7540704943783202 0.7162213079908621 0.7621632309719344 0.7158545771263178
0 0.8279272303262998 0.3142765772243229 0.836093216361899 0.3069303566285473 0.836653103360278 0.3005308189534397 0.8347532103845667 0.2976777159226852 0.8214674974779573 0.2959779898698034 0.8191476892534618 0.29792454009537966 0.8179346007569741 0.31179020505811267 0.8204144457888095 0.31415667053247315 0.8279272303262998 0.3142765772243229
0 0.2482055585240285 0.5403065480884498 0.26047133906798464 0.5413796648353428 0.2633244420987392 0.5394797718596316 0.2643709666535122 0.5336601862406478 0.2620310933712717 0.5296938363475105 0.2486987232147976 0.5285274051008877 0.24637891499030212 0.530473955326464 0.2457723707420582 0.5374067878078306 0.2482055585240285 0.5403065480884498
0 0.4268663294097764 0.5865678169992813 0.42923279488413685 0.5840879719674462 0.42986593132450057 0.5707089445611071 0.42787272384905944 0.5689224311428707 0.4214731861739519 0.5683625441444916 0.41920003519932136 0.5697757995638089 0.41852024150909245 0.5836881217764069 0.4215333813471867 0.5861012445006322 0.4268663294097764 0.5865678169992813
0 0.7430369000793573 0.6212150559004065 0.7505496846168477 0.6213349625922563 0.7523361980350842 0.6193417551168152 0.7525027619767989 0.6112956757730659 0.7505095545013579 0.6095091623548292 0.7435300647701263 0.6094359129128444 0.7412102565456309 0.6113824631384206 0.740603712297387 0.618315295619787 0.7430369000793573 0.6212150559004065
0 0.16310055612164728 0.7268538451652271 0.1660003164022667 0.7244206573832569 0.16656020340064567 0.7180211197081493 0.16359372081241647 0.7150747021776651 0.15186123507471924 0.7140482426806368 0.14900813204396474 0.7159481356563482 0.1478682929894619 0.7228343108878498 0.15078811832782624 0.726314023224593 0.16310055612164728 0.7268538451652271
0 0.6919600217157268 0.5662329901261127 0.7005659880578551 0.5600000163927199 0.7017991416120879 0.5520472515487005 0.6993659538301176 0.549147491268081 0.692433121348751 0.5485409470198371 0.6901133131242555 0.5504874972454133 0.6889935391274976 0.5632865725956285 0.6919600217157268 0.5662329901261127
0 0.5310439946658749 0.46456224574858906 0.5374435323409826 0.46512213274696795 0.5403432926216019 0.4626889449649977 0.5414630666183597 0.4498898696147825 0.5390298788363896 0.44699010933416317 0.5315170942988992 0.44687020264231325 0.5297772381305276 0.4483301153114955 0.5286108068839048 0.46166248546796956 0.5310439946658749 0.46456224574858906
0 0.6684121321119352 0.8968090476990609 0.6764582114556844 0.8969756116407757 0.678244724873921 0.8949824041653344 0.6783646315657709 0.8874696196278441 0.6763714240903297 0.8856831062096076 0.6694385916089632 0.8850765619613636 0.6671187833844676 0.8870231121869399 0.6664655818863588 0.8944892394745654 0.6684121321119352 0.8968090476990609
0 0.4240835738932886 0.32354710874513193 0.42693667692404313 0.3216472157694207 0.4280765159785459 0.314761040537919 0.42617662300283465 0.3119079375071645 0.41929044777133295 0.3107680984526617 0.41643734474057864 0.312667991428373 0.4152508484362108 0.3200874614661336 0.41719739866178707 0.32240726969062916 0.4240835738932886 0.32354710874513193
0 0.35012457803810576 0.5239665979190173 0.35763736257559614 0.5240865046108671 0.35942387599383274 0.5220932971354261 0.3600304202420766 0.5151604646540595 0.3580838700165004 0.512840656429564 0.3506177427288749 0.5121874549314552 0.3482979345043794 0.5141340051570314 0.34813137056266463 0.5221800845007808 0.35012457803810576 0.5239665979190173
0 0.48463429225259497 0.4852212550977136 0.49152046748409656 0.4863610941522164 0.49442022776471584 0.48392790637024613 0.4945867917064307 0.47588182702649684 0.49259358423098953 0.47409531360826024 0.48619404655588194 0.47353542660988124 0.4832942862752626 0.47596861439185145 0.4831743795834128 0.48348139892934194 0.48463429225259497 0.4852212550977136
0 0.5893587902383224 0.38153433625928557 0.591098646406694 0.38007442359010335 0.5922851427110618 0.37265495355234285 0.5898519549290915 0.36975519327172346 0.5834524172539839 0.3691953062733445 0.5805993142232294 0.37109519924905576 0.5794594751687268 0.37798137448055746 0.5808727305880439 0.380254525455188 0.5893587902383224 0.38153433625928557
0 0.5373110550350022 0.5403432926216019 0.5402108153156217 0.5379101048396318 0.5407707023140007 0.531510567164524 0.5393574468946833 0.5292374161898934 0.5297114831321571 0.5289308804985839 0.5280383492713953 0.5357703984802208 0.5303782225536356 0.539736748373358 0.5373110550350022 0.5403432926216019
0 0.5986133655626631 0.5521550712810395 0.6050129032377707 0.5527149582794184 0.60791266351839 0.5502817704974481 0.6085192077666339 0.5433489380160815 0.6060860199846637 0.5404491777354622 0.5996864823095561 0.5398892907370832 0.5967867220289367 0.5423224785190535 0.596620158087222 0.5503685578628029 0.5986133655626631 0.5521550712810395
0 0.21250792583117292 0.5183752223788423 0.21536102886192737 0.5164753294031309 0.21650086791643025 0.5095891541716293 0.21460097494071895 0.5067360511408747 0.20771479970921733 0.505596212086372 0.20486169667846288 0.5074961050620832 0.20372185762396003 0.5143822802935849 0.2056217505996713 0.5172353833243394 0.21250792583117292 0.5183752223788423
0 0.1359653740730925 0.38593244873639876 0.14401145341684188 0.38609901267811336 0.14579796683507842 0.38410580520267235 0.14543123597053423 0.37601306860905803 0.1369918335701206 0.3741999629987015 0.1346720253456251 0.3761465132242777 0.13401882384751634 0.3836126405119032 0.1359653740730925 0.38593244873639876
0 0.5135059448871836 0.5237514421089589 0.5166856486669925 0.5181184854894348 0.5173388501651013 0.5106523582018094 0.5154389571893899 0.507799255171055 0.5079728299017644 0.5071460536729461 0.5056530216772689 0.5090926038985224 0.5049998201791601 0.5165587311861479 0.5135059448871836 0.5237514421089589
0 0.43554457788465023 0.4873749830351139 0.4378643861091458 0.48542843280953785 0.43851758760725457 0.4779623055219123 0.4355044477691603 0.47554918279768704 0.43318463954466485 0.4774957330232632 0.4325314380465561 0.48496186031088867 0.43554457788465023 0.4873749830351139