1 0.006393180607352158 0.5470085470085471 0.009057005860415556 0.5651709401709402 0.014917421417155036 0.5694444444444444 0.016515716568993075 0.5747863247863247 0.016515716568993075 0.5838675213675214 0.013851891315929676 0.5966880341880342 0.014384656366542356 0.6116452991452992 0.012253596164091636 0.6410256410256411 0.015982951518380396 0.6650641025641025 0.017581246670218435 0.7083333333333333 0.014917421417155036 0.7291666666666667 0.018114011720831113 0.7606837606837608 0.019179541822056473 0.9417735042735043 0.025572722429408633 0.954594017094017 0.0394246137453383 0.9695512820512822 0.046883324453915826 0.9732905982905983 0.06126798082045818 0.9754273504273504 0.07352157698454982 0.9802350427350428 0.11774107618540224 0.9818376068376068 0.15183803942461377 0.9866452991452992 0.9488545551411829 0.9866452991452992 0.9595098561534364 0.9850427350427351 0.9733617474693661 0.9780982905982907 0.9744272775705914 0.03952991452991453 0.9722962173681406 0.02777777777777778 0.9664358018114012 0.019764957264957264 0.3798614810868407 0.018696581196581196 0.19712306872669155 0.020833333333333336 0.11028236547682473 0.019230769230769232 0.09003729355354288 0.0202991452991453 0.07725093233883858 0.023504273504273504 0.03782631859350027 0.025106837606837608 0.032498668087373464 0.026709401709401708 0.020245071923281833 0.03952991452991453 0.017581246670218435 0.057158119658119656 0.013851891315929676 0.06517094017094018 0.008524240809802876 0.10897435897435899 0.007991475759190198 0.12232905982905984 0.010122535961640916 0.1340811965811966 0.010122535961640916 0.1485042735042735 0.007458710708577518 0.15865384615384617 0.006925945657964838 0.16933760683760685 0.006393180607352158 0.5470085470085471
0 0.7128396377197656 0.328525641025641 0.7149706979222163 0.3306623931623932 0.7218966435801811 0.3306623931623932 0.7245604688332445 0.327991452991453 0.7245604688332445 0.31517094017094016 0.7218966435801811 0.3125 0.7149706979222163 0.3125 0.7128396377197656 0.31463675213675213 0.7128396377197656 0.328525641025641
0 0.5876398508257858 0.8429487179487178 0.5887053809270112 0.8466880341880343 0.5913692061800746 0.8488247863247864 0.5977623867874268 0.8488247863247864 0.605753862546617 0.8402777777777779 0.6036228023441662 0.8338675213675215 0.6009589770911028 0.8322649572649572 0.5903036760788493 0.8311965811965812 0.5881726158763986 0.8327991452991453 0.5876398508257858 0.8429487179487178
0 0.28769312733084706 0.8408119658119657 0.2908897176345232 0.8429487179487178 0.2988811933937134 0.8354700854700855 0.29941395844432606 0.8274572649572649 0.29621736814065 0.8247863247863249 0.29035695258391053 0.8247863247863249 0.2882258923814598 0.826388888888889 0.28769312733084706 0.8408119658119657
0 0.6126798082045818 0.7094017094017094 0.6142781033564197 0.7115384615384616 0.6233351092168353 0.7110042735042735 0.6244006393180608 0.702457264957265 0.6222695791156101 0.7003205128205129 0.6153436334576452 0.6997863247863247 0.6132125732551945 0.701388888888889 0.6126798082045818 0.7094017094017094
0 0.337773042088439 0.37232905982905984 0.3404368673415024 0.37446581196581197 0.3468300479488545 0.37446581196581197 0.349493873201918 0.3717948717948718 0.34896110815130527 0.3579059829059829 0.3468300479488545 0.3563034188034188 0.33990410229088974 0.3563034188034188 0.337773042088439 0.35844017094017094 0.337773042088439 0.37232905982905984
0 0.6750133191262654 0.35256410256410253 0.6750133191262654 0.359508547008547 0.6782099094299414 0.36217948717948717 0.6840703249866809 0.36217948717948717 0.6867341502397443 0.359508547008547 0.6867341502397443 0.3520299145299145 0.6840703249866809 0.34989316239316237 0.6776771443793288 0.34989316239316237 0.6750133191262654 0.35256410256410253
0 0.4251465103889185 0.5336538461538461 0.42567927543953116 0.5389957264957265 0.4278103356419819 0.5422008547008547 0.43047416089504525 0.5427350427350428 0.43420351624933406 0.5432692307692307 0.44326052210974964 0.5341880341880342 0.4411294619072989 0.531517094017094 0.4272775705913692 0.531517094017094 0.4251465103889185 0.5336538461538461
0 0.4251465103889185 0.35844017094017094 0.4251465103889185 0.3717948717948718 0.4278103356419819 0.37446581196581197 0.43420351624933406 0.37393162393162394 0.4368673415023975 0.36912393162393164 0.43580181140117213 0.3611111111111111 0.43313798614810867 0.3579059829059829 0.4272775705913692 0.3563034188034188 0.4251465103889185 0.35844017094017094
0 0.5503462972828983 0.36004273504273504 0.5530101225359616 0.36217948717948717 0.5599360681939265 0.36164529914529914 0.5620671283963772 0.358974358974359 0.5615343633457646 0.3456196581196581 0.5599360681939265 0.344017094017094 0.552477357485349 0.344017094017094 0.5503462972828983 0.3456196581196581 0.5503462972828983 0.36004273504273504
0 0.5071923281832712 0.5363247863247864 0.5151838039424613 0.5411324786324786 0.5242408098028769 0.5341880341880342 0.5237080447522643 0.5277777777777778 0.5210442194992009 0.5256410256410257 0.5071923281832712 0.5261752136752137 0.5071923281832712 0.5363247863247864
0 0.40010655301012255 0.5902777777777778 0.4022376132125733 0.592948717948718 0.41555673947789024 0.592948717948718 0.417687799680341 0.5908119658119658 0.41822056473095365 0.5811965811965811 0.4160895045285029 0.5758547008547008 0.40277037826318596 0.5753205128205129 0.4006393180607352 0.577457264957265 0.40010655301012255 0.5902777777777778
0 0.4123601491742142 0.4155982905982906 0.41502397442727756 0.4182692307692307 0.42194992008524246 0.4182692307692307 0.42408098028769314 0.4161324786324786 0.4246137453383058 0.4091880341880342 0.42301545018646775 0.40705128205128205 0.41449120937666495 0.406517094017094 0.4128929142248269 0.4081196581196581 0.4123601491742142 0.4155982905982906
0 0.31859350026638256 0.5283119658119658 0.32179009057005864 0.5357905982905983 0.32818327117741075 0.5363247863247864 0.33670751198721366 0.5283119658119658 0.33510921683537565 0.5224358974358975 0.3319126265316995 0.5197649572649572 0.32179009057005864 0.5186965811965811 0.3191262653169952 0.5208333333333333 0.31859350026638256 0.5283119658119658
0 0.5567394778902505 0.4155982905982906 0.5594033031433139 0.41773504273504275 0.5679275439531166 0.41025641025641024 0.5679275439531166 0.4027777777777778 0.5652637187000533 0.40010683760683763 0.5588705380927012 0.40010683760683763 0.5567394778902505 0.4017094017094017 0.5567394778902505 0.4155982905982906
0 0.7075119872136388 0.6923076923076923 0.715503462972829 0.6933760683760684 0.7181672882258925 0.6907051282051282 0.7181672882258925 0.6837606837606838 0.715503462972829 0.6810897435897436 0.7091102823654769 0.6810897435897436 0.7069792221630261 0.6826923076923077 0.7075119872136388 0.6923076923076923
0 0.46244006393180614 0.2532051282051282 0.4656366542354822 0.2558760683760684 0.472562599893447 0.2553418803418804 0.47469366009589775 0.25267094017094016 0.474160895045285 0.23985042735042733 0.47202983484283434 0.2377136752136752 0.46350559403303143 0.23878205128205127 0.46244006393180614 0.2532051282051282
0 0.40010655301012255 0.7211538461538461 0.4006393180607352 0.7291666666666667 0.40277037826318596 0.7307692307692307 0.41022908897176347 0.7302350427350428 0.41182738412360154 0.7280982905982907 0.41182738412360154 0.7211538461538461 0.4096963239211508 0.719017094017094 0.4022376132125733 0.719017094017094 0.40010655301012255 0.7211538461538461
0 0.5689930740543421 0.5860042735042735 0.57059136920618 0.5897435897435898 0.5737879595098562 0.5918803418803419 0.579115610015983 0.5918803418803419 0.5807139051678211 0.577457264957265 0.5775173148641449 0.5747863247863247 0.5716568993074055 0.5747863247863247 0.5695258391049547 0.576388888888889 0.5689930740543421 0.5860042735042735
0 0.5189131592967502 0.4658119658119658 0.5221097496004262 0.46794871794871795 0.5242408098028769 0.4658119658119658 0.5242408098028769 0.4583333333333333 0.5215769845498135 0.4561965811965812 0.5194459243473628 0.45779914529914534 0.5189131592967502 0.4658119658119658
0 0.3873201917954182 0.1527777777777778 0.38945125199786895 0.15544871794871795 0.39744272775705913 0.15544871794871795 0.3990410229088972 0.15384615384615385 0.3995737879595099 0.14636752136752137 0.39690996270644646 0.14369658119658119 0.3899840170484816 0.14369658119658119 0.3878529568460309 0.14583333333333331 0.3873201917954182 0.1527777777777778
0 0.825253063399041 0.49572649572649574 0.825253063399041 0.5037393162393162 0.8279168886521043 0.5058760683760684 0.8343100692594566 0.5058760683760684 0.8369738945125199 0.5032051282051282 0.8369738945125199 0.4962606837606837 0.8343100692594566 0.4935897435897436 0.826851358550879 0.4941239316239316 0.825253063399041 0.49572649572649574
0 0.7810335641981887 0.7526709401709402 0.7831646244006393 0.7553418803418803 0.7900905700586042 0.7558760683760684 0.7932871603622803 0.7532051282051282 0.7932871603622803 0.7462606837606838 0.7911561001598295 0.7441239316239316 0.7842301545018647 0.7435897435897436 0.7815663292488013 0.7457264957264957 0.7810335641981887 0.7526709401709402