1 0.01763649677743091 0.5863312786169077 0.019420247226423628 0.5916141251332353 0.019737176416563862 0.6006897896948403 0.017522403338774317 0.6135954587659768 0.018576844862367464 0.6285250189294346 0.01747244198878414 0.6579618360278415 0.022038455729749655 0.6818555013601418 0.02514585161991611 0.7250425939867023 0.02321072194519148 0.7459562023769022 0.027505295691145605 0.777342537639122 0.03489011760948989 0.9582847797856976 0.04172683310885793 0.9708743639106739 0.056092287245918006 0.9853390932709551 0.06367695456422309 0.9888158263700724 0.07812741976091796 0.9904492595877251 0.09054133740714645 0.9948263788402407 0.13478982796446964 0.994884728437507 0.16903380629678388 0.9984995251728126 0.9655648010866441 0.9706840499107235 0.9761576824968046 0.9687105974043696 0.9897587779988205 0.9612869592925444 0.9580680950622279 0.023253147255346197 0.9555281893862444 0.01158254251589499 0.9493917004332543 0.0037791287502294325 0.3631374191490961 0.023182552079586215 0.18058489766648073 0.031695481184253006 0.09374116674606348 0.03312459015715197 0.07354571336066901 0.03489885822052221 0.060878998612966785 0.03854827151919711 0.021534329957717733 0.04152575856041265 0.01626585359294391 0.04331327874549586 0.004467151433458228 0.05655362599491962 0.002420164397507629 0.07426405865749412 0 0.07997714420824795 0 0.31547988097576074 0.008334447176230395 0.5642065402375636 0.011630508079204262 0.5822649032001384 0.01763649677743091 0.5863312786169077
0 0.7158516728889203 0.3230214678762071 0.7184206609439254 0.3202591886092173 0.7179732314990216 0.307446485698716 0.7152178145086399 0.304870138752997 0.7082960879496369 0.30511185077064884 0.706240897505633 0.30732167418424067 0.7067256127376121 0.32120210233728363 0.7089299463299175 0.3232631798938589 0.7158516728889203 0.3230214678762071
0 0.6034873560084756 0.845423552380096 0.6098766420629397 0.8452004335945713 0.6175649633344171 0.8363797331723312 0.6152114865938106 0.8300477546455888 0.6124933553905042 0.8285391329424113 0.6018072595126553 0.8278432723424111 0.5997334261751137 0.8295192331347317 0.5995552006477906 0.8396812161710056 0.6007505819116316 0.8433810680556478 0.6034873560084756 0.845423552380096
0 0.31071144667830064 0.8422846712860826 0.31096424377977433 0.8342581387348922 0.307676386284854 0.8317003850213002 0.30181954073492856 0.8319049105746978 0.2997457073973869 0.8335808713670187 0.299716625018365 0.8480137553734597 0.3029858396197477 0.8500376464657808 0.31071144667830064 0.8422846712860826
0 0.6306239197480796 0.7065714021645839 0.6313905144605545 0.6979924137599955 0.6291861808682492 0.6959313362034203 0.6222458114157086 0.6956391855998012 0.6201719780781668 0.6973151463921222 0.6199191809766932 0.7053416789433126 0.6215910740644597 0.7074213497320148 0.6306239197480796 0.7065714021645839
0 0.3425422749637802 0.37988783823787337 0.3451112630187853 0.37712555897088357 0.3440941072822675 0.3632637240499677 0.34190841658349974 0.3617365091146633 0.334986690024497 0.36197822113231515 0.3329314995804929 0.3641880445459069 0.3334162148124721 0.37806847269894994 0.3361529889093161 0.3801109570233981 0.3425422749637802 0.37988783823787337
0 0.6732914822354709 0.3560440075656086 0.6791483277853962 0.35583948201221083 0.6817173158404013 0.3530772027452211 0.681456315330874 0.3456031260474287 0.67871954123403 0.3435606417229805 0.6723302551795659 0.3437837605085053 0.6697612671245609 0.3465460397754951 0.6700036247405505 0.3534862538520166 0.6732914822354709 0.3560440075656086
0 0.4293271002244845 0.5446945300336172 0.43200794564071554 0.5451354264942527 0.43575367206602406 0.5455391364906342 0.4444882314530413 0.536147386982869 0.4422652549671982 0.5335524468050229 0.42842180184919265 0.5340358708403266 0.4263666114051886 0.5362456942539183 0.42708548084510384 0.5415657272345001 0.4293271002244845 0.5446945300336172
0 0.423473231653659 0.3770616669545595 0.4298438748145855 0.3763046855477638 0.43233829129544 0.3714069557956905 0.4309937668832977 0.3634362029408814 0.42821970699937834 0.36032599337389143 0.4223069327688399 0.35892893106347645 0.4202517423248359 0.3611387544770682 0.4207178146632774 0.3744853200088404 0.423473231653659 0.3770616669545595
0 0.555071047334347 0.3596378424765462 0.5571075948848134 0.3568941564416835 0.5561090820418333 0.34356618414203843 0.5544558318476043 0.34202037597460694 0.5470016647840628 0.3422806812243858 0.544927831446521 0.3439566420167067 0.5454311895720377 0.3583709327910206 0.5481679636688819 0.3604134171154688 0.555071047334347 0.3596378424765462
0 0.5254191881429201 0.5333212156995552 0.5246630329159295 0.5269334574764316 0.5219262588190855 0.5248909731519834 0.5081014485946175 0.525908259808558 0.508455663571833 0.5360516496127048 0.516610057181752 0.5405775147222368 0.5254191881429201 0.5333212156995552
0 0.4188520435061728 0.5958391233932738 0.4209072339501769 0.593629299979682 0.42110410237103757 0.5840011795646789 0.4187879114175062 0.5787369262804783 0.4054582559105017 0.5786678944623841 0.4034030654664976 0.5808777178759759 0.4033180544068628 0.5937090140186042 0.40554103089270593 0.5963039541964503 0.4188520435061728 0.5958391233932738
0 0.4191451033738218 0.42104292745216976 0.42120029381782587 0.4188331040385779 0.4214903767063749 0.4118742967299293 0.41981848361860824 0.40979462594122695 0.4112807926524519 0.4095582550339891 0.40973939981944874 0.41121562259418293 0.40946795982443734 0.4187082925241025 0.412223376814819 0.4212846394698214 0.4191451033738218 0.42104292745216976
0 0.3295556540468378 0.5422989756073987 0.3377950587163917 0.5339935445743024 0.33599266537386147 0.5281768354367038 0.332704807878941 0.5256190817231117 0.3225511525056309 0.5249046278909841 0.31996352155708807 0.5271330445367031 0.3196920815620767 0.5346257144666225 0.32314772509883605 0.5419882317716525 0.3295556540468378 0.5422989756073987
0 0.5647541582143543 0.4079404425302906 0.564493157704827 0.4004663658324983 0.5617377407144453 0.3978900188867792 0.5553484546599812 0.398113137672304 0.5532746213224395 0.3997890984646248 0.5537593365544187 0.41366952661766787 0.5564961106512627 0.4157120109421161 0.5647541582143543 0.4079404425302906
0 0.724689899601533 0.6829750272376727 0.7244475419855434 0.6760348131611511 0.7216921249951616 0.6734584662154321 0.7153028389406975 0.6736815850009569 0.7132290056031558 0.6753575457932778 0.7140970181913724 0.6849484797440266 0.7221209115465278 0.6857373065046625 0.724689899601533 0.6829750272376727
0 0.4640408687760096 0.25644847091247874 0.466077416326476 0.25370478487761605 0.4650975463770334 0.24091067519924186 0.4628932127847281 0.23884959764266664 0.4544114504991845 0.24021481459924146 0.4538499276156241 0.2546662918378094 0.45713778511054437 0.25722404555140155 0.4640408687760096 0.25644847091247874
0 0.410883337929961 0.7340219172522113 0.4183188620999648 0.7332277493811616 0.41984161203943027 0.7310365191996969 0.41959925442344065 0.7240963051231754 0.41739492083113533 0.7220352275666002 0.40994075376759387 0.722295532816379 0.4078855633235897 0.7245053562299709 0.4086976472311933 0.732494702316907 0.410883337929961 0.7340219172522113
0 0.5769495875670844 0.5892492082089936 0.5822739926124711 0.589063275887723 0.5833679560005703 0.574593205417028 0.5800800985056499 0.5720354517034358 0.5742232529557245 0.5722399772568336 0.5721494196181828 0.5739159380491545 0.571952551197322 0.5835440584641575 0.5736803729657016 0.5872253171166725 0.5769495875670844 0.5892492082089936
0 0.5230328977700995 0.46498680017688204 0.5227718972605723 0.45751272347908956 0.5200351231637282 0.45547023915464135 0.5179612898261865 0.45714619994696226 0.5177084927247126 0.4651727324981526 0.5209777073260954 0.46719662359047376 0.5230328977700995 0.46498680017688204
0 0.3854805365445136 0.15923780646473956 0.38702192937751667 0.15758043890454565 0.38729336937252806 0.1500877689746262 0.3845379523821464 0.1475114220289071 0.3776162258231436 0.1477531340465589 0.37556103537913954 0.14996295746015073 0.37527095249059045 0.15692176476879935 0.37749392897643347 0.15951670494664555 0.3854805365445136 0.15923780646473956
0 0.8279222023724696 0.4944283544597713 0.8343114884269338 0.4942052356742465 0.8368804764819388 0.49144295640725677 0.8366381188659491 0.4845027423307352 0.8338827018755677 0.4819263953850162 0.8264471777055638 0.4827205632560658 0.8249057848725607 0.48437793081625974 0.8251854282756257 0.4923858701353231 0.8279222023724696 0.4944283544597713
0 0.7988438007258488 0.7455961806955669 0.8019452292853927 0.74281530819645 0.801702871669403 0.7358750941199286 0.7994985380770978 0.7338140165633531 0.7925581686245573 0.7335218659597341 0.7899705376760144 0.7357502826054529 0.7896804547874654 0.7427090899141017 0.7919034312733084 0.7453040300919478 0.7988438007258488 0.7455961806955669