1 0.013383297644539613 0.2350107066381156 0.014453961456102782 0.25749464668094213 0.017665952890792293 0.2767665952890792 0.01873661670235546 0.4202355460385439 0.020877944325481797 0.4614561027837259 0.02462526766595289 0.487152034261242 0.02516059957173447 0.6225910064239828 0.026766595289079226 0.6407922912205567 0.03051391862955032 0.6563169164882227 0.03158458244111349 0.8356531049250535 0.035331905781584586 0.8613490364025695 0.03907922912205567 0.9223768736616702 0.05032119914346894 0.9480728051391862 0.06102783725910064 0.9587794432548179 0.0658458244111349 0.9684154175588864 0.0899357601713062 0.9732334047109207 0.11937901498929335 0.974304068522484 0.9057815845824411 0.974304068522484 0.9320128479657386 0.9726980728051391 0.9550321199143468 0.9673447537473233 0.9614561027837258 0.962526766595289 0.9726980728051391 0.9480728051391862 0.974304068522484 0.9427194860813704 0.974304068522484 0.029978586723768734 0.9721627408993575 0.02569593147751606 0.9598501070663812 0.01873661670235546 0.09528907922912205 0.01873661670235546 0.069593147751606 0.02034261241970021 0.04068522483940042 0.02623126338329764 0.027301927194860815 0.042826552462526764 0.01980728051391863 0.046573875802997856 0.018201284796573874 0.05460385438972163 0.013383297644539613 0.06370449678800856 0.013383297644539613 0.2350107066381156
0 0.4314775160599572 0.8281584582441113 0.43415417558886504 0.8308351177730191 0.4470021413276231 0.8302997858672377 0.4486081370449678 0.8286937901498929 0.449678800856531 0.8217344753747323 0.44646680942184147 0.8137044967880085 0.4389721627408993 0.8126338329764453 0.4346895074946467 0.8147751605995717 0.4320128479657387 0.8185224839400428 0.4314775160599572 0.8281584582441113
0 0.6563169164882227 0.671306209850107 0.6573875802997858 0.6825481798715203 0.658458244111349 0.6846895074946466 0.6654175588865096 0.686830835117773 0.6680942184154175 0.684154175588865 0.6680942184154175 0.671306209850107 0.6654175588865096 0.6686295503211991 0.6589935760171306 0.6686295503211991 0.6563169164882227 0.671306209850107
0 0.7687366167023554 0.690578158458244 0.7719486081370449 0.693254817987152 0.7799785867237687 0.6921841541755888 0.7869379014989293 0.684154175588865 0.7864025695931477 0.677730192719486 0.7842612419700214 0.6755888650963597 0.7724839400428265 0.6750535331905781 0.769271948608137 0.677730192719486 0.7687366167023554 0.690578158458244
0 0.8003211991434689 0.284796573875803 0.8029978586723768 0.28693790149892934 0.810492505353319 0.2864025695931477 0.8179871520342612 0.278372591006424 0.8179871520342612 0.2719486081370449 0.815845824411135 0.269271948608137 0.8024625267665952 0.26873661670235544 0.8003211991434689 0.2708779443254818 0.8003211991434689 0.284796573875803
0 0.25 0.5524625267665952 0.25 0.5594218415417559 0.25267665952890794 0.5620985010706637 0.26498929336188437 0.5620985010706637 0.26766595289079226 0.5599571734475374 0.2682012847965739 0.55406852248394 0.2655246252676659 0.5503211991434689 0.2521413276231263 0.5503211991434689 0.25 0.5524625267665952
0 0.42612419700214127 0.5904710920770878 0.42933618843683086 0.592612419700214 0.4346895074946467 0.592612419700214 0.43683083511777304 0.5899357601713062 0.4362955032119914 0.5765524625267665 0.43415417558886504 0.5749464668094217 0.4277301927194861 0.5749464668094217 0.42558886509635974 0.5765524625267665 0.42612419700214127 0.5904710920770878
0 0.7499999999999999 0.5899357601713062 0.7499999999999999 0.5968950749464668 0.7526766595289078 0.5995717344753747 0.7601713062098501 0.5990364025695931 0.7617773019271948 0.5968950749464668 0.7612419700214133 0.588865096359743 0.7591006423982869 0.5872591006423982 0.7521413276231262 0.5877944325481799 0.7499999999999999 0.5899357601713062
0 0.16862955032119914 0.7526766595289078 0.17184154175588864 0.7558886509635974 0.1841541755888651 0.7553533190578158 0.18683083511777301 0.7526766595289078 0.18683083511777301 0.7462526766595289 0.1836188436830835 0.7435760171306209 0.17184154175588864 0.7435760171306209 0.16916488222698073 0.7457173447537473 0.16862955032119914 0.7526766595289078
0 0.6937901498929336 0.5337259100642398 0.6937901498929336 0.5465738758029979 0.6970021413276231 0.5492505353319057 0.7050321199143468 0.5422912205567452 0.7055674518201285 0.5342612419700214 0.7028907922912204 0.5315845824411134 0.6959314775160599 0.5315845824411134 0.6937901498929336 0.5337259100642398
0 0.5251605995717344 0.44593147751606 0.5251605995717344 0.45931477516059954 0.5278372591006424 0.4619914346895075 0.5342612419700214 0.4619914346895075 0.5369379014989293 0.45931477516059954 0.5369379014989293 0.44646680942184147 0.5342612419700214 0.44379014989293364 0.5267665952890792 0.4443254817987151 0.5251605995717344 0.44593147751606
0 0.7002141327623126 0.870985010706638 0.7002141327623126 0.8784796573875802 0.702355460385439 0.8806209850107066 0.7103854389721627 0.880085653104925 0.7119914346895074 0.8779443254817986 0.7114561027837258 0.8704496788008564 0.7093147751605995 0.8688436830835118 0.702355460385439 0.8688436830835118 0.7002141327623126 0.870985010706638
0 0.39989293361884365 0.32815845824411133 0.40203426124197 0.3302997858672377 0.4089935760171306 0.3308351177730192 0.4116702355460385 0.3286937901498929 0.4122055674518201 0.3217344753747323 0.4100642398286937 0.3190578158458244 0.4031049250535331 0.3185224839400428 0.4004282655246253 0.32066381156316914 0.39989293361884365 0.32815845824411133
0 0.3501070663811563 0.5273019271948608 0.3506423982869379 0.5353319057815845 0.35278372591006424 0.5369379014989293 0.3602783725910064 0.5364025695931478 0.36188436830835113 0.5342612419700214 0.36188436830835113 0.5273019271948608 0.3597430406852248 0.5251605995717344 0.35224839400428265 0.5251605995717344 0.3501070663811563 0.5273019271948608
0 0.4812633832976445 0.4775160599571734 0.4817987152034261 0.48501070663811563 0.48340471092077086 0.48661670235546034 0.49036402569593146 0.487152034261242 0.49304068522483935 0.484475374732334 0.4925053533190578 0.47644539614561027 0.49036402569593146 0.47483940042826556 0.48394004282655245 0.47483940042826556 0.4812633832976445 0.4775160599571734
0 0.5685224839400428 0.3715203426124197 0.5701284796573876 0.37366167023554603 0.5786937901498929 0.37419700214132756 0.5802997858672376 0.37259100642398285 0.5808351177730192 0.36509635974304067 0.5781584582441113 0.3624197002141327 0.5717344753747323 0.3624197002141327 0.5690578158458244 0.3645610278372591 0.5685224839400428 0.3715203426124197
0 0.5310492505353318 0.5331905781584582 0.5337259100642398 0.5369379014989293 0.5406852248394004 0.5369379014989293 0.5433618843683083 0.5342612419700214 0.5433618843683083 0.5278372591006424 0.5417558886509636 0.525695931477516 0.5321199143468951 0.5262312633832976 0.5310492505353318 0.5331905781584582
0 0.6001070663811563 0.5337259100642398 0.6006423982869379 0.5417558886509636 0.6027837259100642 0.5433618843683083 0.6092077087794432 0.5433618843683083 0.6118843683083511 0.5406852248394004 0.6118843683083511 0.5337259100642398 0.6092077087794432 0.5310492505353318 0.6027837259100642 0.5310492505353318 0.6001070663811563 0.5337259100642398
0 0.20610278372591004 0.5401498929336188 0.2082441113490364 0.5428265524625268 0.215203426124197 0.5433618843683083 0.2178800856531049 0.541220556745182 0.21841541755888652 0.5342612419700214 0.21627408993576017 0.5315845824411134 0.20931477516059957 0.5310492505353318 0.20663811563169165 0.5331905781584582 0.20610278372591004 0.5401498929336188
0 0.1252676659528908 0.408458244111349 0.1252676659528908 0.4159528907922912 0.12740899357601712 0.41809421841541755 0.1354389721627409 0.4175588865096359 0.13704496788008563 0.41541755888650955 0.13597430406852246 0.40738758029978583 0.12740899357601712 0.40631691648822266 0.1252676659528908 0.408458244111349
0 0.506423982869379 0.5085653104925053 0.506423982869379 0.5160599571734475 0.515524625267666 0.5224839400428265 0.5182012847965739 0.516595289079229 0.5182012847965739 0.5091006423982869 0.5160599571734475 0.506423982869379 0.5085653104925053 0.506423982869379 0.506423982869379 0.5085653104925053
0 0.4314775160599572 0.48340471092077086 0.4314775160599572 0.49089935760171305 0.4346895074946467 0.49304068522483935 0.43683083511777304 0.49089935760171305 0.43683083511777304 0.48340471092077086 0.43361884368308345 0.4812633832976445 0.4314775160599572 0.48340471092077086