0 0.3203796953009669 0.6673172289567931 0.32658100151401676 0.6613557018587548 0.32812743555782975 0.6572379533471797 0.32701615247284455 0.6502215880861213 0.3245294019725055 0.6484024121460317 0.31640085399544904 0.6491365880364508 0.30977213121125097 0.6523995131110051 0.3106891432422996 0.661659686410525 0.31422499793887154 0.666632258359121 0.3203796953009669 0.6673172289567931
0 0.9014545054267767 0.6887022448418499 0.9057674443390951 0.6846995846365995 0.9066921907578234 0.6801270421400021 0.9051923655649651 0.6775982929558669 0.9012679687605198 0.6771133370841941 0.8910800868542724 0.6787269390580075 0.889727923864396 0.6806008795311211 0.8903030026385261 0.6877021712118537 0.8928752364530947 0.6900610675566402 0.9014545054267767 0.6887022448418499
0 0.33376180243418285 0.7830420129342803 0.3394657787996526 0.7843516303563236 0.34631207706326456 0.7755216483954526 0.3456515149749048 0.767880636310023 0.34254307684948104 0.765606666384911 0.32967417338895805 0.7676449004570964 0.32787128940245613 0.7701434877545811 0.3291535391159006 0.7782392938250331 0.33376180243418285 0.7830420129342803
0 0.6605202713615642 0.8159372793433706 0.6624086386622958 0.8139784124505827 0.6616625932597064 0.8057976799604564 0.6591758427593674 0.8039785040203666 0.6522051867182508 0.8050825474761337 0.6503168194175192 0.8070414143689216 0.6508918981916493 0.8141427060496544 0.653464132006218 0.8165016023944409 0.6605202713615642 0.8159372793433706
0 0.2971355631684323 0.3539809689211578 0.2988529638407046 0.3509426612189763 0.2963506433025679 0.3386140183306243 0.29332768849137375 0.3368797688102091 0.2873439577577378 0.33727423902193054 0.2854555904570062 0.3392331059147186 0.2872274356303512 0.3538904832612065 0.2902503904415453 0.35562473278162166 0.2971355631684323 0.3539809689211578
0 0.7946645667772543 0.7814126790333518 0.7964674507637564 0.778914091735867 0.7943303679080155 0.7654210816184472 0.7913074130968213 0.7636868320980319 0.785409165677415 0.7646210227144502 0.7830700773800581 0.7672045364316095 0.783645156154188 0.774305828112342 0.7861940855432794 0.7799879733049837 0.7946645667772543 0.7814126790333518
0 0.6231944942817405 0.33387410660391414 0.624546657271617 0.33200016613080063 0.6224095744158761 0.31850715601338064 0.6199228239155371 0.3166879800732911 0.6115145215703144 0.319126243597475 0.6126646791185746 0.33332882695894045 0.6157731172439984 0.3356027968840525 0.6231944942817405 0.33387410660391414
0 0.778570196751729 0.6069186947172147 0.7860770571037007 0.6057297248417732 0.7878799410902027 0.6032311375442884 0.7867686580052174 0.59621477228323 0.7842819075048784 0.5943955963431404 0.7767750471529067 0.5955845662185819 0.7749721631664047 0.5980831535160667 0.77608344625139 0.6050995187771251 0.778570196751729 0.6069186947172147
0 0.5051279862293938 0.15063423887683497 0.5099771294525673 0.14654665225191027 0.5116323512360873 0.13964537529717677 0.5046228207316957 0.13356320065253668 0.49480017650784436 0.13401243539728216 0.4934480135179678 0.13588637587039573 0.4955850963737086 0.14937938598781564 0.4980718468740477 0.15119856192790526 0.5051279862293938 0.15063423887683497
0 0.5922351796420762 0.5860846356413788 0.5996565566798182 0.5843559453612406 0.6009232363554651 0.5819422844834302 0.599190265645395 0.5744711252373494 0.5967889984592858 0.5731916697019567 0.5903545467290242 0.5742107867380494 0.5881009417458967 0.5773340208599053 0.5891267415166522 0.5838106657162669 0.5922351796420762 0.5860846356413788
0 0.4268201688307679 0.6626304260236161 0.4343270291827396 0.6614414561481746 0.4360444298550119 0.658403148445993 0.4343969424591716 0.6514717096046091 0.43253187958391726 0.6501073276495418 0.4250250192319456 0.6512962975249834 0.4232221352454436 0.6537948848224682 0.4243334183304289 0.6608112500835265 0.4268201688307679 0.6626304260236161
0 0.5297630545526416 0.43110787799926664 0.5361975062829031 0.43008876096317394 0.5383656279518008 0.4264258064366211 0.5360342740421234 0.4151766043576628 0.5340837278526395 0.4132725019978988 0.5269421051830636 0.4132971046442723 0.5246885001999362 0.4164203387661282 0.5266546164272178 0.42883390807415456 0.5297630545526416 0.43110787799926664
0 0.663269788518134 0.2710943211344712 0.665072672504636 0.2685957338369865 0.6638759061054211 0.26103964817123126 0.6620108432301669 0.25967526621616405 0.6544184995639656 0.2603245156869088 0.6526156155774635 0.26282310298439354 0.6531906943515937 0.2699243946651263 0.6562991324770174 0.2721983645902383 0.663269788518134 0.2710943211344712
0 0.6564475035170683 0.5438253440309679 0.657714183192715 0.5414116831531577 0.6566029001077298 0.5343953178920994 0.6541161496073908 0.5325761419520098 0.6457078472621681 0.5350144054761936 0.6459176883539024 0.5432800643859943 0.6490261264793261 0.5455540343111063 0.6564475035170683 0.5438253440309679
0 0.6448766223326643 0.6408186482028622 0.652383482684636 0.6396296783274208 0.6541008833569084 0.6365913706252393 0.6524533959610681 0.6296599317838554 0.6505883330858138 0.6282955498287881 0.6430814727338421 0.6294845197042295 0.6412785887473401 0.6319831070017142 0.6423898718323253 0.6389994722627726 0.6448766223326643 0.6408186482028622
1 0.08012199841166526 0.9654023366539948 0.08913651960661356 0.9910842987070684 0.09070697115231602 1 0.49602147126845325 1 1 0.9198751081439452 1 0.5439384393759601 0.913848614708437 0 0.5102887858744264 0 0.41369309396610304 0.014076223693257362 0.013148473757325706 0.07751625919002851 0 0.08063514381204312 0 0.49423581981866355 0.0503972107476683 0.8124312855121516 0.06569088834465481 0.8846990552084983 0.08012199841166526 0.9654023366539948
0 0.41139409528128185 0.48194473799679105 0.4182170891194166 0.4764380048837752 0.41811603576738926 0.465388817530816 0.4150075976419655 0.46311484760570404 0.4080369416008489 0.4642188910614711 0.40623405761434694 0.4667174783589558 0.40828565715585813 0.4796707680716789 0.41139409528128185 0.48194473799679105
0 0.38927742384616076 0.41518370141346017 0.3906295868360371 0.41330976094034655 0.3884925039802963 0.39981675082292656 0.38600575347995736 0.39799757488283694 0.37903509743884073 0.3991016183386041 0.3771467301381091 0.40106048523139204 0.37874760868299484 0.4146384217684863 0.38185604680841867 0.4169123916935984 0.38927742384616076 0.41518370141346017
0 0.33163103629198387 0.221267707453781 0.3386016923331005 0.22016366399801388 0.34014812637691355 0.21604591548643876 0.3390601477174056 0.20570630137752519 0.33595170959198184 0.2034323314524132 0.3289810535508652 0.20453637490818033 0.3271781695643633 0.20703496220566509 0.3296804901025 0.21936360509401695 0.33163103629198387 0.221267707453781
0 0.49747447629882435 0.5291695045000006 0.4963631932138391 0.5221531392389422 0.4932547550884153 0.5198791693138302 0.4873565076690089 0.5208133599302485 0.48501741937165194 0.5233968736474076 0.48559249814578187 0.5304981653281404 0.4899210070958979 0.5370049720711524 0.49747447629882435 0.5291695045000006
0 0.7668115637518073 0.23422430864548568 0.7660655183492178 0.22604357615535928 0.7635787678488788 0.22422440021526965 0.7566081118077622 0.22532844367103677 0.7547197445070306 0.22728731056382476 0.7554657899096199 0.23546804305395108 0.7597088155455063 0.24143512939226625 0.7668115637518073 0.23422430864548568
0 0.45126859922532014 0.8933402588478945 0.45352220420844763 0.8902170247260386 0.45076343372762195 0.8762692206235961 0.4483621665415126 0.8749897650882034 0.4424639191221062 0.8759239557046217 0.4401248308247491 0.8785074694217808 0.4423473969947197 0.8925401999438977 0.4453703518059138 0.8942744494643128 0.45126859922532014 0.8933402588478945
0 0.4655974407910425 0.5048955704544643 0.4679365290883995 0.5023120567373052 0.4657994462326586 0.4888190466198853 0.4622402871106093 0.4871697235191445 0.46043740312410747 0.48966831081662915 0.46248900266561865 0.5026216005293522 0.4655974407910425 0.5048955704544643