1 0.04329013548495038 0.28672606500177306 0.040967908560588844 0.31852597305644464 0.012266073471093267 0.5031698166854135 0.00014724581717332763 0.5694023165652978 0 0.5703849873240885 0 0.909101139453034 0.021832436008245092 0.9157774432289285 0.09254498961386534 0.9286128578624394 0.43527499752457655 0.9823507428788794 0.4953474209253569 0.9869583408178532 0.5634120165132959 0.9993743601027306 0.5653780663216585 1 0.8884960939751927 1 1 0.2959920444436891 1 0.09879953018615038 0.8903278050059068 0.08012398414645014 0.7840000754064953 0.055650309637961914 0.7485415870366228 0.05330552961627699 0.6836303920028441 0.038117667099757835 0.6394215676410944 0.03275132360258226 0.6286371056578187 0.028862370751472265 0.5828395064854603 0.023244390045116515 0.5106224184919778 0.009625465105713271 0.4681949988533872 0.006722130274294358 0.42575313865221853 0 0.08653157584451332 0 0.06012586418876541 0.16671910196255083 0.058381527002054755 0.2051531243869526 0.04329013548495038 0.28672606500177306
0 0.6911918412308296 0.6690391496085908 0.6941767609394969 0.6673310525703741 0.6949950160999044 0.6587372039532472 0.686160439685281 0.6562475135744689 0.6843189436064326 0.6575914956554264 0.682694226507192 0.6644219668429624 0.6843913908076046 0.6674168486054317 0.6911918412308296 0.6690391496085908
0 0.8385508455707731 0.6983758931958948 0.8409219332531574 0.6971157901846639 0.8435575354253559 0.6839028418365778 0.8418603711249434 0.6809079600741084 0.829150172640073 0.6788948624006684 0.8260810125086591 0.6811348325355978 0.8244562954094187 0.6879653037231338 0.8260091279313955 0.6952990493290298 0.8385508455707731 0.6983758931958948
0 0.3118975514807837 0.678207200361321 0.3176989100526253 0.6758547524783125 0.3206596806942353 0.670871537790094 0.3216705657671931 0.6644890606295439 0.3204187526475703 0.6621099310335138 0.30673361137837385 0.6593972021239081 0.3043625236959893 0.6606573051351389 0.30214812363752325 0.6712108879996626 0.3030629750661601 0.6757175099825427 0.3118975514807837 0.678207200361321
0 0.6957694522369635 0.32137148732471477 0.702654143082935 0.32246191523116147 0.7051937116108126 0.3201380660265055 0.7071312413339819 0.3079049848021177 0.7049044854300329 0.3048262239699218 0.6980197945840614 0.3037357960634751 0.6955644664789303 0.3055277721714186 0.6935426963330146 0.3182927264925189 0.6957694522369635 0.32137148732471477
0 0.6031420328717731 0.4331907341397381 0.6102552959189268 0.4294104251060455 0.6125179941115075 0.4254070775415254 0.6043331920117985 0.4153872847390452 0.6018778639066675 0.4171792608469886 0.5997718533380053 0.4304760882648013 0.6031420328717731 0.4331907341397381
0 0.5078363394393529 0.7915683914372166 0.510291667544484 0.7897764153292732 0.5114710334629348 0.7823301919752981 0.5091600371362395 0.7797833042398147 0.4969794302549054 0.7778540856361014 0.493994510546238 0.7795621826743182 0.4923697934469974 0.7863926538618541 0.4945965493509464 0.7894714146940499 0.5078363394393529 0.7915683914372166
0 0.7098847757219253 0.19111977598685398 0.7128696954305925 0.18941167894863725 0.7144944125298333 0.18258120776110123 0.7132425994102103 0.1802020781650712 0.7048533741763765 0.17832813995273203 0.7030118780975283 0.1796721220336895 0.7013871609982877 0.18650259322122556 0.7030843252987002 0.1894974749836948 0.7098847757219253 0.19111977598685398
0 0.6343020091859415 0.36670276312001204 0.6354813751043923 0.3592565397660369 0.6336999703812332 0.35679353110028017 0.6262856879317253 0.3556192241241069 0.6244441918528771 0.3569632062050645 0.6235416962697231 0.3660889279189038 0.6313170894772742 0.3684108601582288 0.6343020091859415 0.36670276312001204
0 0.8450558809502267 0.42080108496466034 0.8475112090553578 0.41900910885671705 0.84917186844323 0.405096529272465 0.8473062232973245 0.4031653937034208 0.8409511240548893 0.4021588448667008 0.8385800363725048 0.40341894787793164 0.8363055449583496 0.4177795214891695 0.8376415985007188 0.419626777988487 0.8450558809502267 0.42080108496466034
0 0.6018644046938685 0.8697059683222946 0.60874909553984 0.8707963962287414 0.6119867365167467 0.867492679900387 0.6138400258171695 0.8557914717727118 0.6120586210940104 0.8533284631069549 0.6046443386445026 0.8521541561307817 0.6021890105393716 0.8539461322387251 0.6001672403934559 0.8667110865598253 0.6018644046938685 0.8697059683222946
0 0.4617129872931742 0.23959291666865595 0.46815232695835596 0.2400675924086634 0.4717269296262486 0.23463638369345902 0.47307477639019246 0.22612641414605877 0.4708480204862435 0.223047653313863 0.4638790892175256 0.22248909850412885 0.46142376111239464 0.2242810746120722 0.4599315825700151 0.23712990800289924 0.4617129872931742 0.23959291666865595
0 0.3801536298529558 0.13071726095700037 0.38186258737494294 0.12335491667275193 0.379635831470994 0.12027615584055606 0.3727511406250225 0.11918572793410939 0.36432597310255693 0.12439389811848622 0.3627254050703736 0.13449948695602396 0.3710303898814609 0.13690529826507566 0.3801536298529558 0.13071726095700037
0 0.4141542159778561 0.5809982474013846 0.4211231472465742 0.5815568022111187 0.42366271577445164 0.5792329530064628 0.4255160050748744 0.5675317448787875 0.42337348959367205 0.5639211109498791 0.4164887987477005 0.5628306830434325 0.4140334706425695 0.5646226591513759 0.41192746007390724 0.5779194865691888 0.4141542159778561 0.5809982474013846
0 0.13284447823186915 0.5233579907765183 0.13529980633700017 0.521566014668575 0.13558846989387147 0.5128882869817215 0.12781307668632044 0.5105663547423964 0.12544198900393588 0.5118264577536273 0.1236487910592023 0.5197206751345883 0.1254301957823614 0.5221836838003451 0.13284447823186915 0.5233579907765183
0 0.37246754068332627 0.3437695833118982 0.37347842575628415 0.3373871061513481 0.37125166985233526 0.33430834531915216 0.35854147136746484 0.33229524764571217 0.35608614326233384 0.3340872237536555 0.35518364767917976 0.3432129454674949 0.3621166366592659 0.3508536086739451 0.37246754068332627 0.3437695833118982
0 0.3335518192373977 0.21929418179480287 0.3354775557389924 0.21741832661713284 0.33705397470411835 0.20403762012959334 0.334742978377423 0.20149073239410992 0.32891747073852406 0.20056806262711668 0.32654638305613953 0.20182816563834755 0.323742300038448 0.21610486017985875 0.3255237047616072 0.21856786884561547 0.3335518192373977 0.21929418179480287
0 0.39292337895010754 0.619071988799189 0.39576396688033916 0.621702755604399 0.40287722992749275 0.6179224465707065 0.4054768898110595 0.6117916066193362 0.40358709559809647 0.6065853534002903 0.3974847176239008 0.6039831852734328 0.3944155574924869 0.6062231554083619 0.39323619157403605 0.6136693787623372 0.39292337895010754 0.619071988799189
0 0.20016382848448083 0.5781827813719651 0.2027033970123584 0.5758589321673091 0.2042798159774844 0.5624782256797698 0.20241417083157875 0.5605470901107255 0.19605907158914357 0.5595405412740055 0.193687983906759 0.5608006442852365 0.19253276705536548 0.5715219852892133 0.1960955765016837 0.5764480026207267 0.20016382848448083 0.5781827813719651
0 0.5236578073267601 0.5340064870979211 0.529483314965659 0.5349291568649145 0.532275604761776 0.5310096883701211 0.533960413216706 0.5203722264358708 0.5321790084935467 0.517909217770114 0.5252943176475753 0.5168187898636674 0.5222251575161615 0.5190587599985965 0.5213468110000647 0.5314595993624377 0.5236578073267601 0.5340064870979211
0 0.58486354900751 0.6205759053566654 0.5878484687161774 0.6188678083184487 0.5894731858154179 0.6120373371309127 0.588221372695795 0.6096582075348825 0.5786044834093957 0.6086802573765151 0.5763659342838723 0.615958722591037 0.578063098584285 0.6189536043535062 0.58486354900751 0.6205759053566654
0 0.418387010438788 0.4137422917551371 0.4193136550889994 0.4078916876912994 0.41708689918505054 0.4048129268591036 0.4141862198991297 0.40598915080060777 0.4124772623771425 0.41335149508485625 0.41470401828109155 0.4164302559170522 0.418387010438788 0.4137422917551371
0 0.44839176990156276 0.3579756617393881 0.4567809951353965 0.3598495999517272 0.46338881564607126 0.35926052949830967 0.4648450518998188 0.3534938045041987 0.46376171962568896 0.35005092871474364 0.45069041038277524 0.346890205778152 0.4482350822776442 0.34868218188609534 0.44713995678193985 0.35559653214335807 0.44839176990156276 0.3579756617393881
0 0.47334547974299807 0.47805883598701326 0.48202336853370314 0.47125504651249894 0.48208345988939233 0.4674480557657847 0.4762096541163787 0.45997515069878786 0.468289929130392 0.4619920823028897 0.4663282503401655 0.4709500458772758 0.469277227760201 0.47632405723577503 0.47334547974299807 0.47805883598701326