1 0.005260735676186623 0.403549328507704 0.010700582852516866 0.43496644092867565 0.027520703590429664 0.6210691756370773 0.0317849488316021 0.6882660969695864 0.0501896447574296 0.8801763588241064 0.05821084134201036 0.9410984299930834 0.059694834589873916 0.9642126754978108 0.06258238321207601 0.9726090070175379 0.06611225020022046 1 0.37064132712960507 1 0.5538888127760597 0.9836812596729763 0.6132915072964367 0.9736191577191778 0.6823380004273175 0.9692000521807961 0.7001997061087063 0.9703401552004222 0.8186877278528684 0.958892676623001 0.8217987765204532 0.9575393752217163 0.8187994778755598 0.9540178601624951 0.8190989624006694 0.9512888588836624 0.8227441637213863 0.9498888251806361 0.8356576946477707 0.94984015752968 0.8375886879863994 0.9534551371923838 0.8442041370978876 0.9490924407018181 0.8541653030049832 0.9460587117870588 0.9298741788729565 0.9378133635535292 0.9827262406789323 0.9267026878343725 0.9924527384580049 0.9209866899425221 0.9978590813864148 0.9151080966691844 0.9995263557428984 0.909556629508036 0.9199504618260965 0 0.6759903947849544 0 0.6680661400274734 0.00014355787686417542 0.6330936666743687 0.006446612564304388 0.5664363350555222 0.007413333821469958 0.5222424657223547 0.012901476252258615 0.5108375255041582 0.01173703940715436 0.4650411982115936 0.01736537874316717 0.3916745502300499 0.021621888900061847 0.34980502601182983 0.029068917305558183 0.2894457762078796 0.03434966740233323 0.26993467894148926 0.03281330749251295 0.005875533791713255 0.053753249371077415 0 0.055400844331673825 0 0.31990765760328344 0.0001695679456144017 0.3207485148063234 0.005260735676186623 0.403549328507704
0 0.726406897948979 0.6177644717847915 0.7288899267122223 0.6153849950944115 0.7276048360494171 0.6068484666694604 0.7184303736949589 0.606570008208227 0.7169687166123756 0.6083195664997061 0.7170447010921025 0.6153401981418851 0.7194159798326545 0.617835537912011 0.726406897948979 0.6177644717847915
0 0.8764859107076738 0.6105804190468085 0.8784817204433895 0.6087841284535881 0.8778425324564079 0.5953260512663897 0.8754712537158559 0.5928307114962638 0.8626515900406806 0.5939522867380568 0.8602154949030417 0.596868217223855 0.8602914793827688 0.6038888488660341 0.8635723797812893 0.6106290866977648 0.8764859107076738 0.6105804190468085
0 0.36059722182067433 0.7184197858149076 0.36565714659837 0.7147337400249842 0.3673244209548537 0.709182272863836 0.36676121744759904 0.7027448273188167 0.36497102498578393 0.7007392090423676 0.3510361223787395 0.701417795092225 0.34904031264302393 0.7032140856854453 0.3494448325019827 0.7139898938955522 0.3514227594662161 0.7181413273536744 0.36059722182067433 0.7184197858149076
0 0.6467401144463644 0.27931660057445823 0.6536840989370842 0.2787090806518204 0.6555860414215906 0.27583988246776353 0.6545065680326859 0.2635014451731431 0.6516011366390017 0.2610528377047586 0.6446571521482817 0.26166035762739637 0.6427082760381706 0.263993102016035 0.64383468305268 0.2768679931060737 0.6467401144463644 0.27931660057445823
0 0.5839156494543631 0.4102229387518084 0.5899030786615097 0.4048340669721474 0.5911300676160703 0.400402239703577 0.5807643818500159 0.3926601604082293 0.5788155057399049 0.394992904796868 0.5799888463800188 0.4084042496823249 0.5839156494543631 0.4102229387518084
0 0.5781403446210895 0.7810117820369674 0.5800892207312006 0.7786790376483289 0.5794321499727368 0.771168684512473 0.576573652204657 0.7692565308395067 0.5642881411826142 0.7703313737795583 0.5618051124193708 0.7727108504699383 0.5618810968990977 0.7797314821121173 0.564786528292782 0.7821800895805018 0.5781403446210895 0.7810117820369674
0 0.6289254115868699 0.14951911590871272 0.6314084403501131 0.14713963921833276 0.6313324558703862 0.14011900757615373 0.629542263408571 0.1381133892997047 0.6209488873328497 0.1383246523321484 0.6194872302502664 0.14007421062362732 0.6195632147299933 0.1470948422658064 0.6219344934705453 0.1495901820359323 0.6289254115868699 0.14951911590871272
0 0.5980651453191939 0.33817166408584176 0.5974080745607302 0.3306613109499858 0.5950837294457827 0.3287024249752782 0.5876055923019304 0.32935667719965733 0.5861439352193474 0.3311062354911362 0.587475959507757 0.3401792177115056 0.5955821165559507 0.3405511407762217 0.5980651453191939 0.33817166408584176
0 0.8156462949576178 0.3396770584082221 0.8175951710677285 0.33734431401958354 0.8158407441488779 0.3234432476404496 0.8135633326595351 0.3220208154611603 0.8071535008219473 0.32258160308205674 0.8051576910862316 0.32437789367527703 0.8064248989775546 0.3388621461515706 0.8081681578137652 0.34033131063260136 0.8156462949576178 0.3396770584082221
0 0.6882785652051494 0.834080891164179 0.6952225496958694 0.8334733712415412 0.697564777582299 0.8294845331649064 0.6965322378189988 0.8176825496657042 0.6942078927040514 0.8157236636909966 0.6867297555601991 0.8163779159153759 0.684780879450088 0.8187106603040144 0.6859072864645974 0.831585551394053 0.6882785652051494 0.834080891164179
0 0.39985209997159277 0.2565905866424834 0.4062149981835758 0.2554933452261686 0.40836949156758723 0.2493586919678608 0.40761855355791443 0.2407754312411683 0.4047131221642301 0.23832682377278372 0.3978160712991147 0.23947079749083983 0.3958671951890037 0.24180354187947845 0.3975277548566454 0.25463170066777574 0.39985209997159277 0.2565905866424834
0 0.29437599899511196 0.17067999756579585 0.2942530808897805 0.16312291212819852 0.2913476494960962 0.16067430465981403 0.2844036650053762 0.1612818245824518 0.2774887313687787 0.1683735223518504 0.27838047025526524 0.17856614446479774 0.28702077995659114 0.17889133522777229 0.29437599899511196 0.17067999756579585
0 0.4362994521960955 0.599360228089286 0.44319650306121083 0.5982162543712299 0.44509844554571726 0.595347056187173 0.44406590578241706 0.5835450726879708 0.44111354076312825 0.5805600114241681 0.4341695562724083 0.581167531346806 0.4322206801622973 0.5835002757354444 0.4333940208024112 0.5969116206209015 0.4362994521960955 0.599360228089286
0 0.14940137575580392 0.6114871184308811 0.15135025186591491 0.6091543740422425 0.14953100854997742 0.6006645779190328 0.14142485150178377 0.6002926548543168 0.13942904176606824 0.6020889454475371 0.13959889349700424 0.6101824846805527 0.1419232386119517 0.6121413706552603 0.14940137575580392 0.6114871184308811
0 0.3384602412080525 0.379263188681594 0.3378970377007978 0.37282574313657457 0.33499160630711355 0.37037713566819 0.3221719426319383 0.371498710909983 0.3202230665218273 0.3738314552986216 0.32155509081023703 0.3829044375189909 0.33013058411447627 0.3886408985378897 0.3384602412080525 0.379263188681594
0 0.2705871579135754 0.26789980366389543 0.2720018813705541 0.26561379157699816 0.27029438807730793 0.2522491789932826 0.2674358903092282 0.2503370253203162 0.2615602111247729 0.25085108063947137 0.25956440138905734 0.25264737123269165 0.260297456627248 0.26717835601072654 0.2626218017421954 0.2691372419854342 0.2705871579135754 0.26789980366389543
0 0.42491013345433715 0.6414392209898337 0.42830278387554915 0.6433046423610584 0.4342902130826958 0.6379157705813976 0.4353294675348381 0.6313381281311541 0.43223630163873555 0.6267437054810965 0.42568566892433424 0.625695131715738 0.42324957378669553 0.6286110622015363 0.4239066445451593 0.6361214153373922 0.42491013345433715 0.6414392209898337
0 0.22798437086829532 0.6483973536159698 0.22988631335280174 0.6455281554319128 0.2281788200595556 0.6321635428481972 0.22590140857021268 0.6307411106689079 0.21949157673262504 0.6313018982898043 0.21749576699690953 0.6330981888830246 0.21896859216213288 0.643780532489649 0.22361728239202777 0.6476983044390642 0.22798437086829532 0.6483973536159698
0 0.531181983163631 0.5272730075025511 0.5370576623480864 0.526758952183396 0.5388188039557792 0.5222803926130843 0.5378801314436881 0.5115513167047187 0.5355557863287406 0.509592430730011 0.5286118018380206 0.5101999506526489 0.5261757067003819 0.5131158811384471 0.5283234853955514 0.5253608538295848 0.531181983163631 0.5272730075025511
0 0.6115126905061311 0.5964639350162193 0.6139957192693744 0.5940844583258393 0.6139197347896476 0.5870638266836603 0.6121295423278323 0.5850582084072113 0.6025617281970554 0.5864358436339743 0.6021504936492545 0.594039661373313 0.6045217723898066 0.5965350011434388 0.6115126905061311 0.5964639350162193
0 0.3999436367314682 0.43604848347185204 0.3994273668498181 0.4301474917222509 0.3965219354561338 0.4276988842538665 0.39399197306728595 0.4295419071488281 0.39411489117261744 0.4370989925864254 0.3970203225663017 0.43954760005480986 0.3999436367314682 0.43604848347185204
0 0.4155659577615224 0.3746795524125095 0.42415933383724386 0.3744682893800659 0.4304283647980179 0.3722981403729146 0.4304462475695 0.3663504163215721 0.4285621878564759 0.3632718904542866 0.415114504276959 0.36336729040698434 0.4131656281668481 0.3657000347956229 0.4137757652997073 0.3726739341360606 0.4155659577615224 0.3746795524125095
0 0.4688291849190092 0.48515889439555193 0.47560331767879305 0.47645783523989865 0.47474062964642894 0.47274939097371205 0.4672334416484543 0.4669194653513305 0.4600369062582293 0.47079244034821927 0.4603006252403746 0.4799588871720715 0.46446209644274167 0.4844598452186465 0.4688291849190092 0.48515889439555193