1 0.021092328797732762 0.5999874450291681 0.021567601904639837 0.6090561961460633 0.019578401129492107 0.6219985527412103 0.02089323880843641 0.6369074365183081 0.020302747436981385 0.6663590447347107 0.02528506771059389 0.6901693830184439 0.029145709022678667 0.7332956665055791 0.027575866871272482 0.754239862321516 0.032417553612416904 0.7855464666463631 0.042959128338229347 0.9663322674994603 0.050014521111737896 0.9788006170322046 0.06463023165635315 0.9930124315998864 0.07227442115220824 0.9963562644789821 0.08675119281346388 0.9977372535250236 0.09354433797345438 1 0.25792038320316424 1 0.9737084626550134 0.9624871363186556 0.9842652892228017 0.960329113106965 0.9977347528625234 0.9526692338044878 0.9496779492308518 0.015331367539216333 0.9469347502575234 0.0037068677555643246 0.9439135505573182 0 0.861814899256516 0 0.35483665208557313 0.025643755073487196 0.17246050533489904 0.03734136841888365 0.08565494252597623 0.040285891820117214 0.06549353025332187 0.042412348914534714 0.0528924357517744 0.0462822710438898 0.013605723794136826 0.04994596374791884 0.008369246372616665 0.0518251592758431 0 0.06155366281097017 0 0.3858925741613946 0.009529888857518867 0.5727775083295861 0.013140609644467208 0.5907755967214933 0.019216651638024503 0.5947365338537716 0.021092328797732762 0.5999874450291681
0 0.7152504847255604 0.31647459785629284 0.7145795109275739 0.30367165510302907 0.7117795501465258 0.3011437892046489 0.7048630962563769 0.3015062651935452 0.7028467855642007 0.3037516200592624 0.7035736738453526 0.31762147470863145 0.7058136424701911 0.3196437674273356 0.71273009636034 0.3192812914384393 0.7152504847255604 0.31647459785629284
0 0.6158844855875729 0.8432302460812725 0.6234176934416512 0.8342767093867807 0.6209540668841507 0.8279867690836552 0.6182100205862682 0.8265258150813803 0.6075134078105658 0.8260165585528079 0.6054691398768068 0.8277284574704723 0.6054682925522525 0.8378920032518493 0.6067280630725855 0.8415704293514648 0.6095000666120509 0.843564839301792 0.6158844855875729 0.8432302460812725
0 0.31682664373323316 0.8375063584500818 0.31349464803755833 0.8350063753200784 0.30764226397666317 0.8353130857722213 0.3055979960429041 0.8370249846898858 0.305820806651012 0.8514561780556841 0.30912484510510413 0.8534227052376349 0.3167139674423479 0.8455360804392484 0.31682664373323316 0.8375063584500818
0 0.6348259471252361 0.6956691778960128 0.6325859785003977 0.6936468851773088 0.6256415673686659 0.6934759052181523 0.6235972994349069 0.6951878041358167 0.6234846231440216 0.7032175261249833 0.6251925568542331 0.705267701612064 0.6342091931613066 0.7042602386016086 0.6348259471252361 0.6956691778960128
0 0.3429903986380539 0.37984745453376173 0.341731475442275 0.36600548265276933 0.33951946405901934 0.3645166458821178 0.3326030101688705 0.36487912187101407 0.33058669947669417 0.36712447673673126 0.3313135877578462 0.38099433138610034 0.3340855912973114 0.38298874133642774 0.34047001027283347 0.38265414811590814 0.3429903986380539 0.37984745453376173
0 0.6766050946752178 0.3527348689282871 0.6791254830404383 0.3499281753461407 0.6787340816582794 0.3424597920734035 0.6759620781188141 0.340465382123076 0.6695776591432923 0.3407999753435956 0.6670572707780719 0.3436066689257421 0.667420714918648 0.3505415962504267 0.6707527106143226 0.3530415793804301 0.6766050946752178 0.3527348689282871
0 0.43280602296781917 0.5463151771173634 0.43655822461178984 0.5466534536867795 0.44512754505353913 0.5371106955074817 0.4428596191871179 0.5345549468407249 0.42902671140682014 0.5352798988185175 0.4270104007146438 0.5375252536842346 0.4278220080450983 0.5428319303963846 0.4301178911531022 0.5459211350111939 0.43280602296781917 0.5463151771173634
0 0.42769577903005207 0.3775479181540874 0.43010433842894136 0.3726074007797303 0.42862090997594615 0.3646613270956937 0.42579299195331527 0.361600005249261 0.41985673616767183 0.36030634785724597 0.41784042547549555 0.3625517027229631 0.41853935651506474 0.3758881014242796 0.42133931729611274 0.3784159673226596 0.42769577903005207 0.3775479181540874
0 0.5546013557761755 0.35591928719822064 0.5533703898219795 0.3426107712652808 0.5516904133533507 0.34109405172625273 0.5442419245485749 0.3414844104835256 0.5421976566148159 0.3431963094011901 0.5429525021375506 0.35759961999861184 0.5457245056770159 0.3595940299489393 0.552613002325582 0.3586980980119904 0.5546013557761755 0.35591928719822064
0 0.5251293302631983 0.5264989261059779 0.522357326723733 0.5245045161556504 0.5085523761850179 0.5257629240814956 0.5090835637750906 0.5358985870944961 0.517315702668738 0.5402814491013205 0.5259968520768183 0.5328725147142331 0.5251293302631983 0.5264989261059779
0 0.42255333675922435 0.5949953988831418 0.4225821413253613 0.5853653090498174 0.42017442925102627 0.5801422806427973 0.4068455991437726 0.5803058939041605 0.4048292884515964 0.5825512487698777 0.4049682273349561 0.5953820742915181 0.40723615320137724 0.5979378229582749 0.4205370260670481 0.597240753748859 0.42255333675922435 0.5949953988831418
0 0.41979573773718093 0.42022071064940325 0.4199643285112318 0.41325790055634204 0.4182563948010201 0.41120772506926134 0.409715878925408 0.411120393415235 0.4082036459062758 0.4128044095645228 0.40806301237380777 0.4203006756056367 0.4108629731548558 0.42282854150401683 0.4177794270450047 0.42246606551512056 0.41979573773718093 0.42022071064940325
0 0.33841303247076115 0.5368192337542295 0.3365093980694701 0.5310348666307801 0.33317740237379523 0.5285348835007766 0.32301282451271984 0.5279977442038273 0.32046447890591667 0.5302709818379212 0.3203238453734486 0.537767247879035 0.3239074562433684 0.5450683345415124 0.3303198324604733 0.5452671972690455 0.33841303247076115 0.5368192337542295
0 0.5627462336468578 0.39935596448639543 0.5599462728658098 0.3968280985880154 0.5535618538902878 0.39716269180853503 0.5515175859565288 0.39887459072619946 0.5522444742376807 0.4127444453755686 0.555016477777146 0.41473885532589605 0.5631376350290165 0.4068243477591326 0.5627462336468578 0.39935596448639543
0 0.7274855886441626 0.672090852479882 0.7246856278631144 0.6695629865815018 0.7183012088875925 0.6698975798020215 0.7162569409538333 0.671609478719686 0.71729220621695 0.6811838030162572 0.7253286444195182 0.6818324733867129 0.7278490327847386 0.6790257798045666 0.7274855886441626 0.672090852479882
0 0.4617841387024032 0.25433432754951 0.46058112998978984 0.24155926756462281 0.4583411613649514 0.23953697484591877 0.4498845172140875 0.24105001103605023 0.4495752929075687 0.2555090871702252 0.45290728860324353 0.25800907030022874 0.45979578525180964 0.25711313836327976 0.4617841387024032 0.25433432754951
0 0.42240168800755135 0.7346177600821582 0.4238859637851009 0.7324002879848177 0.4235225196445248 0.7254653606601331 0.4212825510196865 0.723443067941429 0.41383406221491076 0.7238334266987019 0.4118177515227345 0.7260787815644191 0.4127691450611028 0.7340527380168324 0.4149811564443584 0.7355415747874836 0.42240168800755135 0.7346177600821582
0 0.5838158303743216 0.5876138319611267 0.5846570895954675 0.5731268730585751 0.5813250938997925 0.5706268899285716 0.5754727098388973 0.5709336003807145 0.5734284419051383 0.5726454992983792 0.5733996373390013 0.5822755891317036 0.5751914427739612 0.5859261324629423 0.5784954812280533 0.5878926596448931 0.5838158303743216 0.5876138319611267
0 0.5220269237720652 0.45712177009075583 0.5192549202325998 0.45512736014042837 0.5172106522988409 0.4568392590580929 0.5170979760079555 0.4648689810472594 0.5204020144620476 0.4668355082292102 0.5224183251542238 0.46459015336349313 0.5220269237720652 0.45712177009075583
0 0.38106309113257997 0.1596043302692506 0.381203724665048 0.15210806422813677 0.378403763884 0.14958019832975666 0.37148730999385104 0.14994267431865285 0.3694709993016748 0.15218802918437008 0.3693024085276239 0.1591508392774313 0.3715703343940452 0.16170658794418805 0.3795508581134477 0.16128834641853854 0.38106309113257997 0.1596043302692506
0 0.834159438585751 0.4883715782722408 0.8366798269509712 0.48556488469009434 0.8363163828103952 0.4786299573654098 0.8335164220293473 0.4761020914670297 0.8260958904661543 0.4770259061723552 0.824583657447022 0.47870992232164317 0.8250030160707637 0.48671176154243295 0.8277750196102287 0.4887061714927604 0.834159438585751 0.4883715782722408
0 0.8061369530123066 0.7375086553856217 0.8057735088717306 0.7305737280609372 0.8035335402468922 0.7285514353422332 0.7965891291151606 0.7283804553830768 0.7940407835083574 0.7306536930171706 0.7938721927343065 0.7376165031102319 0.7961401186007276 0.7401722517769885 0.8030845297324595 0.7403432317361449 0.8061369530123066 0.7375086553856217