1 0.01814300960512273 0.32682154171066524 0.0144076840981857 0.35586061246040124 0.017609391675560297 0.4757127771911299 0.014941302027748132 0.5538542766631468 0.017075773745997867 0.5638859556494192 0.018676627534685165 0.7745512143611404 0.019743863393810034 0.8236536430834214 0.022411953041622197 0.8368532206969377 0.023479188900747065 0.8637803590285111 0.023479188900747065 0.9403379091869061 0.025080042689434368 0.9477296726504753 0.027748132337246535 0.9508975712777191 0.03468516542155817 0.955649419218585 0.050160085378868735 0.9598732840549102 0.07097118463180363 0.9619852164730729 0.12059765208110992 0.9630411826821541 0.1472785485592316 0.9672650475184794 0.25613660618996803 0.9688489968321014 0.29615795090715047 0.9741288278775079 0.4167556029882604 0.9751847940865892 0.4151547491995731 0.9841605068637804 0.42529348986125937 0.9831045406546991 0.4268943436499466 0.984688489968321 0.42831750266808966 0.9831045406546991 0.4295624332977588 0.984688489968321 0.4313409818569903 0.9831045406546991 0.43223052294557096 0.984688489968321 0.4397011739594451 0.9857444561774024 0.612059765208111 0.9862724392819431 0.7027748132337247 0.9815205913410772 0.8057630736392744 0.9825765575501585 0.9413020277481323 0.9804646251319958 0.9562433297758804 0.9783526927138333 0.9658484525080043 0.9736008447729672 0.9722518676627535 0.9672650475184794 0.9743863393810033 0.9609292502639916 0.9743863393810033 0.026399155227032733 0.971718249733191 0.02006335797254488 0.03415154749199573 0.01900739176346357 0.025080042689434368 0.028511087645195353 0.023479188900747065 0.04118268215417107 0.019743863393810034 0.04910242872228089 0.018676627534685165 0.056494192185850056 0.01814300960512273 0.32682154171066524
0 0.6686232657417289 0.5776135163674763 0.6712913553895411 0.5807814149947201 0.6840981856990396 0.5807814149947201 0.6867662753468518 0.5786694825765576 0.6867662753468518 0.5712777191129883 0.6840981856990396 0.568637803590285 0.6718249733191035 0.568637803590285 0.6691568836712913 0.5707497360084477 0.6686232657417289 0.5776135163674763
0 0.8185699039487726 0.5839493136219641 0.8207043756670224 0.5865892291446674 0.8276414087513342 0.587117212249208 0.8303094983991463 0.5850052798310454 0.8308431163287086 0.5776135163674763 0.8281750266808965 0.574973600844773 0.8212379935965849 0.574973600844773 0.8191035218783351 0.5770855332629357 0.8185699039487726 0.5839493136219641
0 0.7561366061899679 0.8342133051742344 0.7577374599786553 0.8363252375923971 0.7657417289220918 0.8368532206969377 0.768409818569904 0.8342133051742344 0.768409818569904 0.8278775079197466 0.7668089647812166 0.825765575501584 0.7582710779082177 0.8252375923970433 0.7566702241195304 0.8268215417106652 0.7561366061899679 0.8342133051742344
0 0.6686232657417289 0.7344244984160506 0.6712913553895411 0.7407602956705386 0.6792956243329776 0.7428722280887012 0.6856990394877268 0.7375923970432946 0.6867662753468518 0.7280887011615629 0.6851654215581644 0.7259767687434002 0.6718249733191035 0.7249208025343189 0.6691568836712913 0.7275607180570222 0.6686232657417289 0.7344244984160506
0 0.7251867662753468 0.3146779303062302 0.7251867662753468 0.3220696937697994 0.727854855923159 0.32470960929250264 0.7406616862326574 0.324181626187962 0.7427961579509071 0.3220696937697994 0.7433297758804696 0.31520591341077087 0.7406616862326574 0.3125659978880676 0.7273212379935966 0.3125659978880676 0.7251867662753468 0.3146779303062302
0 0.8628601921024547 0.4097148891235481 0.8655282817502667 0.4118268215417107 0.8778014941302027 0.4118268215417107 0.880469583778015 0.4091869060190074 0.880469583778015 0.40232312565997885 0.8783351120597652 0.40021119324181625 0.8633938100320171 0.4012671594508975 0.8628601921024547 0.4097148891235481
0 0.4375667022411953 0.6029567053854277 0.4402347918890075 0.6055966209081309 0.45304162219850586 0.604012671594509 0.45570971184631803 0.5976768743400211 0.4551760939167556 0.5892291446673706 0.45304162219850586 0.5876451953537487 0.4386339381003202 0.5887011615628299 0.4375667022411953 0.6029567053854277
0 0.41248665955176095 0.8653643083421331 0.4151547491995731 0.8680042238648363 0.4226254002134472 0.8680042238648363 0.43062966915688367 0.8595564941921859 0.4300960512273212 0.8537486800422387 0.4268943436499466 0.8505807814149946 0.4167556029882604 0.850052798310454 0.41302027748132336 0.8526927138331575 0.41248665955176095 0.8653643083421331
0 0.6312700106723586 0.30253431890179516 0.6312700106723586 0.3093980992608237 0.6339381003201707 0.31203801478352694 0.6414087513340448 0.3115100316789863 0.6430096051227322 0.30992608236536434 0.6424759871931698 0.30147835269271384 0.64034151547492 0.2998944033790919 0.6339381003201707 0.2998944033790919 0.6312700106723586 0.30253431890179516
0 0.5122732123799361 0.5712777191129883 0.5149413020277481 0.5744456177402324 0.5218783351120597 0.5744456177402324 0.5245464247598719 0.571805702217529 0.5245464247598719 0.5654699049630412 0.5224119530416222 0.5628299894403379 0.5154749199573105 0.5623020063357973 0.5128068303094985 0.5644139387539598 0.5122732123799361 0.5712777191129883
0 0.5 0.5401267159450898 0.5021344717182498 0.542766631467793 0.5106723585912487 0.5432946145723336 0.5165421558164354 0.5417106652587117 0.5176093916755603 0.5337909186906019 0.5112059765208111 0.525871172122492 0.5048025613660619 0.5248152059134108 0.5005336179295624 0.5269271383315733 0.5 0.5401267159450898
0 0.5501600853788687 0.3843717001055966 0.5517609391675561 0.3864836325237592 0.5592315901814301 0.3864836325237592 0.5613660618996799 0.3843717001055966 0.5618996798292423 0.3775079197465681 0.5592315901814301 0.37486800422386485 0.5528281750266809 0.37486800422386485 0.5506937033084311 0.3764519535374868 0.5501600853788687 0.3843717001055966
0 0.3313767342582711 0.27243928194297784 0.33404482390608325 0.27560718057022177 0.34044823906083244 0.2803590285110876 0.3468516542155816 0.279831045406547 0.34845250800426897 0.27824709609292503 0.3495197438633938 0.26504751847940866 0.3468516542155816 0.2624076029567054 0.33404482390608325 0.2624076029567054 0.33191035218783355 0.26399155227032733 0.3313767342582711 0.27243928194297784
0 0.3127001067235859 0.5834213305174234 0.3127001067235859 0.5966209081309398 0.31536819637139807 0.5992608236536431 0.3223052294557097 0.5992608236536431 0.3244397011739594 0.5966209081309398 0.3244397011739594 0.5839493136219641 0.3217716115261473 0.5813093980992609 0.31483457844183566 0.5813093980992609 0.3127001067235859 0.5834213305174234
0 0.3185699039487727 0.17793030623020062 0.3212379935965849 0.1805702217529039 0.33457844183564567 0.1805702217529039 0.33671291355389543 0.17845828933474128 0.33457844183564567 0.17001055966209083 0.3212379935965849 0.1689545934530095 0.31910352187833513 0.17106652587117213 0.3185699039487727 0.17793030623020062
0 0.4375667022411953 0.5274551214361141 0.43810032017075773 0.5353748680042238 0.4402347918890075 0.5369588173178459 0.4477054429028816 0.5364308342133052 0.4493062966915688 0.5348468848996832 0.4487726787620064 0.5263991552270327 0.44663820704375673 0.5248152059134108 0.4402347918890075 0.5248152059134108 0.4375667022411953 0.5274551214361141
0 0.4375667022411953 0.6837381203801478 0.43810032017075773 0.6916578669482576 0.4402347918890075 0.6932418162618796 0.4477054429028816 0.6927138331573389 0.4493062966915688 0.6906019007391764 0.4487726787620064 0.6826821541710666 0.44663820704375673 0.6810982048574445 0.4402347918890075 0.6810982048574445 0.4375667022411953 0.6837381203801478
0 0.44397011739594455 0.470960929250264 0.44397011739594455 0.4783526927138332 0.44610458911419426 0.4804646251319958 0.45357524012806827 0.4804646251319958 0.45570971184631803 0.4783526927138332 0.45570971184631803 0.47148891235480467 0.45304162219850586 0.4688489968321014 0.44610458911419426 0.4688489968321014 0.44397011739594455 0.470960929250264
0 0.6248665955176094 0.3775079197465681 0.6275346851654215 0.38067581837381204 0.6344717182497333 0.38067581837381204 0.6366061899679829 0.3785638859556494 0.6371398078975454 0.3717001055966209 0.6350053361792957 0.3690601900739176 0.628068303094984 0.36853220696937694 0.6254002134471718 0.3706441393875396 0.6248665955176094 0.3775079197465681
0 0.24439701173959447 0.6103484688489969 0.24653148345784417 0.6119324181626188 0.25400213447171827 0.6114044350580781 0.25560298826040556 0.6092925026399155 0.25560298826040556 0.5960929250263992 0.25346851654215585 0.5939809926082366 0.24919957310565635 0.5939809926082366 0.24439701173959447 0.5966209081309398 0.24439701173959447 0.6103484688489969
0 0.6376734258271078 0.1583949313621964 0.6376734258271078 0.16578669482576558 0.64034151547492 0.16842661034846884 0.652614727854856 0.16842661034846884 0.6552828175026681 0.16631467793030624 0.6558164354322306 0.15892291446673706 0.6531483457844184 0.1562829989440338 0.6392742796157951 0.15681098204857444 0.6376734258271078 0.1583949313621964
0 0.5437566702241196 0.440337909186906 0.5458911419423693 0.4429778247096093 0.5533617929562433 0.4429778247096093 0.5554962646744931 0.4408658922914467 0.5554962646744931 0.4334741288278775 0.5533617929562433 0.4313621964097149 0.5464247598719317 0.4313621964097149 0.544290288153682 0.4329461457233369 0.5437566702241196 0.440337909186906
0 0.3858057630736393 0.42555438225976766 0.39007470651013876 0.42766631467793037 0.39381003201707576 0.42555438225976766 0.3986125933831377 0.41816261879619854 0.3975453575240128 0.41446673706441395 0.39220917822838847 0.4134107708553326 0.38687299893276417 0.41446673706441395 0.3847385272145144 0.4176346356916579 0.3858057630736393 0.42555438225976766