1 0.02641160099558081 0.6087848483603746 0.03982091590095635 0.7264419198649322 0.04390609558527351 0.755385770655888 0.05280168762397498 0.7953635062083662 0.06048565634098131 0.8585475474501857 0.06793410340226402 0.879794599476092 0.07727461890816263 0.9438535742229688 0.07936738254950207 0.9488788338432823 0.08059641910069733 0.9655343543122262 0.08723566617839165 0.9989304579511696 0.08808103343624339 1 0.4547000808955219 1 0.5458812398040715 0.9911130438339534 0.9615863847238788 0.9468961506869068 0.9820560377479511 0.9431711380769296 0.9945701194668974 0.9381842025281075 0.9995103196266092 0.9355668793912905 1 0.9350728311796429 1 0.7169350312307691 0.9246470918073161 0 0.6534538048844071 0 0.40997976809048575 0.025590152444272273 0.35288612410627473 0.033164501616492 0.31821640236739823 0.03575939261824486 0.29733997269784407 0.040576202764955036 0.2429596241193027 0.04419372053881228 0.1319469353085878 0.05481258071256336 0.11085239721281008 0.05755422780164565 0.09874509213934554 0.06144936581373441 0.07897993819312474 0.061953201821431846 0.008042828340410401 0.07675229762385846 0 0.07699653686925514 0 0.40546182465590414 0.016509434139282752 0.5641922119361522 0.019449544585926175 0.5822414566745604 0.02641160099558081 0.6087848483603746
0 0.687267446026025 0.3415813837180483 0.694434550939778 0.3403035688427765 0.6962252388413727 0.3374927509890658 0.6950005555975525 0.3308026870596933 0.6927191237369548 0.3289443880337408 0.6850361879646082 0.33027641891693144 0.6836522767084955 0.3319954392339093 0.6850405412719833 0.3402418754565028 0.687267446026025 0.3415813837180483
0 0.3312433629406741 0.8940814246533627 0.3330885779488245 0.8917893975640588 0.33232519845704195 0.8845263268623604 0.3300437665964443 0.882668027836408 0.3232834383281729 0.8828540451749468 0.32092239246142895 0.8852002882721693 0.321169941094618 0.8925175749817866 0.3229355420966221 0.8944300900156581 0.3312433629406741 0.8940814246533627
0 0.41318417581360994 0.8351150059319925 0.41456808706972276 0.8333959856150146 0.41432053843653377 0.8260786989053974 0.41255493743452964 0.824166183871526 0.4042471165904777 0.8245148492338213 0.40286320533436487 0.8262338695507992 0.40316528107410987 0.8340699470248236 0.4054467129347074 0.835928246050776 0.41318417581360994 0.8351150059319925
0 0.7556643598234108 0.6648413087718282 0.7549555074381843 0.6580970288345369 0.7521037176124372 0.6557741550520962 0.7453979164507217 0.6564789631550421 0.7434981743360154 0.6582521994799387 0.744995493112615 0.6675362172313464 0.7533578410632228 0.6677063426334578 0.7556643598234108 0.6648413087718282
0 0.27960848045029574 0.2837198830494575 0.2814536954584462 0.28142785596015374 0.2794111056162875 0.2669559305646759 0.2771842008622459 0.26561642230313043 0.2709942305591238 0.2662670143981573 0.26863318469237984 0.26861325749538 0.2706212474279826 0.2825663921264508 0.27233232132343077 0.28396011639591523 0.27960848045029574 0.2837198830494575
0 0.5445730323042023 0.4824644015672452 0.5473953819229839 0.4795451516976965 0.5459776771525305 0.46605659182311376 0.543696245291933 0.4641982927971612 0.535036174908955 0.4661575464605968 0.5354767450687773 0.48027332911542436 0.5388988928596736 0.4830607776543531 0.5445730323042023 0.4824644015672452
0 0.3750367462326215 0.7698875855053993 0.37682743413421604 0.7670767676516885 0.3761731088555453 0.7608512784788042 0.37332131902979826 0.7585284046963634 0.36609968700948925 0.7592874288072281 0.36425447200133887 0.7615794558965319 0.3662130945299761 0.7702904668756136 0.3750367462326215 0.7698875855053993
0 0.32494891326055136 0.655561059798677 0.32673960116214595 0.6527502419449662 0.3253764234982485 0.6397804728347904 0.3225791607790574 0.637976389816757 0.3163891904759354 0.6386269819117838 0.31402814460919143 0.6409732250090064 0.3142756932423805 0.6482905117186237 0.3165320382033877 0.6548721436321584 0.32494891326055136 0.655561059798677
0 0.6077268587862081 0.4878906681983379 0.6159256254171483 0.48650442130722826 0.6172550095667053 0.4842666102258435 0.6159757992163292 0.47705775553206403 0.6142647253208809 0.4756640312625996 0.6065272624419784 0.4764772713813833 0.6046820474338281 0.47876929847068694 0.6054454269256107 0.48603236917238546 0.6077268587862081 0.4878906681983379
0 0.3889546613839724 0.43587793612696596 0.39177701100275397 0.4329586862574173 0.3898729155806726 0.42476646604274276 0.38151056763006475 0.4245963406406311 0.37961082551535846 0.4263695769655279 0.37985837414854745 0.43368686367514514 0.382194333115701 0.43606395346550475 0.3889546613839724 0.43587793612696596
0 0.6182224046179267 0.3991924022414456 0.6205289233781146 0.3963273683798159 0.619820070992888 0.38958308844252454 0.618054469990884 0.3876705734086532 0.6102624800054255 0.3879650227630298 0.608362737890719 0.3897382590879265 0.608664813630464 0.3975743365619508 0.6115166034562112 0.3998972103443914 0.6182224046179267 0.3991924022414456
0 0.5470495515807524 0.6201533407884284 0.5494105974474964 0.6178070976912059 0.5474519749188592 0.6090960867121241 0.5396054578268449 0.6088717453020938 0.5372444119601009 0.6112179883993163 0.53749196059329 0.6185352751089337 0.5403437504190369 0.6208581488913743 0.5470495515807524 0.6201533407884284
0 0.663424343008105 0.7647538738098618 0.6652695580162555 0.7624618467205581 0.6632814952806527 0.7485087120894873 0.661054590526611 0.7471692038279418 0.6543487893648956 0.7478740119308875 0.6524490472501892 0.7496472482557843 0.6539758062337543 0.7641733896591811 0.656202710987796 0.7655128979207266 0.663424343008105 0.7647538738098618
0 0.3968283312648966 0.5604110888994348 0.398673546273047 0.558119061810131 0.39791016678126445 0.5508559911084326 0.394542546096924 0.5485873333339109 0.3889774608655072 0.550221290949833 0.38677999631843096 0.5541239063402766 0.3867549094188406 0.5588472392278588 0.3896066992445876 0.5611701130102995 0.3968283312648966 0.5604110888994348
0 0.2733747555446873 0.4328147417092406 0.2766878491224719 0.4345646087193553 0.2841232362616295 0.4259152911265473 0.28330532966329103 0.41813342966044187 0.28102389780269343 0.41627513063448945 0.2738022657823844 0.4170341547453541 0.27149574702219637 0.41989918860698383 0.27242270783364664 0.4287186316019033 0.2733747555446873 0.4328147417092406
0 0.570749585342484 0.42883452093671004 0.573056104102672 0.42596948707508026 0.5716929264387746 0.41299971796490453 0.569411494578177 0.41114141893895206 0.5621898625578681 0.4119004430498168 0.5603446475497175 0.4141924701391205 0.562739486930802 0.42705380723345837 0.570749585342484 0.42883452093671004
0 0.46652769795166577 0.5090255595489218 0.4688342167118538 0.5061605256872921 0.46817989143318306 0.49993503651440774 0.464296439890249 0.49772059474780483 0.46245122488209855 0.5000126218371086 0.46321460437388107 0.507275692538807 0.46652769795166577 0.5090255595489218
0 0.5067220706821879 0.5986903619105642 0.5123962101267164 0.5980939858234563 0.5168456663274247 0.5908075458069758 0.516136813942198 0.5840632658696844 0.5100264576452224 0.5805093158415362 0.5029138798380253 0.582305921481215 0.5006073610778371 0.5851709553428447 0.5043861117150344 0.5963132721202047 0.5067220706821879 0.5986903619105642
0 0.5152175268008381 0.5306586638288974 0.5162742754176156 0.5258268989254774 0.5146973426348697 0.5207474232972451 0.5101890060202303 0.5175496160097471 0.5070940208686693 0.5178749120572606 0.5048965563215931 0.5217775274477042 0.5056599358133756 0.5290405981494025 0.5111999341452019 0.5321299734210628 0.5152175268008381 0.5306586638288974