1 0.013354700854700854 0.4599686028257457 0.01655982905982906 0.47514390371533227 0.017628205128205128 0.4981684981684982 0.018696581196581196 0.6368393511250654 0.02403846153846154 0.7116692830978545 0.025106837606837608 0.8090005232862376 0.030982905982905984 0.8456305599162741 0.03311965811965812 0.9220303506017791 0.03685897435897436 0.9476713762428048 0.04006410256410257 0.9539508110936682 0.05395299145299145 0.9565672422815279 0.06517094017094018 0.9701726844583988 0.0763888888888889 0.9738356881214024 0.11591880341880342 0.9748822605965464 0.1501068376068376 0.9806384092098378 0.23076923076923078 0.9811616954474097 0.2841880341880342 0.9869178440607012 0.7163461538461539 0.9869178440607012 0.7761752136752137 0.9853479853479854 0.8194444444444444 0.9816849816849815 0.8963675213675215 0.9801151229722658 0.920405982905983 0.97854526425955 0.9577991452991453 0.9727891156462585 0.9695512820512822 0.9665096807953951 0.9780982905982907 0.956043956043956 0.9914529914529915 0.9539508110936682 0.9930555555555556 0.9481946624803766 0.9930555555555556 0.04657247514390371 0.9919871794871795 0.03401360544217687 0.9877136752136753 0.028780743066457355 0.9855769230769231 0.020408163265306124 0.9797008547008547 0.018838304552590265 0.452457264957265 0.018838304552590265 0.39690170940170943 0.020408163265306124 0.36645299145299143 0.02354788069073783 0.23664529914529914 0.023024594453165882 0.11698717948717949 0.024594453165881734 0.06623931623931624 0.027734170591313445 0.03258547008547009 0.02616431187859759 0.020833333333333336 0.03139717425431711 0.01282051282051282 0.040293040293040296 0.013354700854700854 0.4599686028257457
0 0.6378205128205129 0.5907901622187336 0.639957264957265 0.5928833071690215 0.6485042735042735 0.5923600209314495 0.655448717948718 0.5850340136054422 0.655448717948718 0.5777080062794349 0.6527777777777778 0.575091575091575 0.639957264957265 0.575091575091575 0.6378205128205129 0.5771847200418628 0.6378205128205129 0.5907901622187336
0 0.6185897435897436 0.20931449502878072 0.6212606837606838 0.2119309262166405 0.6282051282051282 0.2119309262166405 0.6308760683760684 0.20931449502878072 0.6308760683760684 0.2030350601779173 0.6287393162393162 0.20041862899005752 0.6217948717948718 0.1998953427524856 0.6191239316239316 0.20198848770277342 0.6185897435897436 0.20931449502878072
0 0.4439102564102564 0.8335949764521192 0.4439102564102564 0.8409209837781265 0.4460470085470085 0.8430141287284144 0.45459401709401714 0.8430141287284144 0.45993589743589747 0.8403976975405547 0.4620726495726496 0.8341182626896912 0.4604700854700855 0.8320251177394035 0.4460470085470085 0.8315018315018315 0.4439102564102564 0.8335949764521192
0 0.5560897435897436 0.6902145473574045 0.5566239316239316 0.6975405546834118 0.5592948717948718 0.6996336996336996 0.5662393162393162 0.6991104133961277 0.5683760683760684 0.696493982208268 0.5683760683760684 0.6902145473574045 0.5657051282051282 0.6875981161695448 0.5587606837606838 0.6875981161695448 0.5560897435897436 0.6902145473574045
0 0.21901709401709404 0.2543171114599686 0.22382478632478633 0.260596546310832 0.2280982905982906 0.2621664050235479 0.23397435897435898 0.2621664050235479 0.2361111111111111 0.260596546310832 0.23664529914529914 0.24646781789638933 0.23397435897435898 0.24385138670852954 0.2232905982905983 0.24385138670852954 0.21955128205128208 0.24594453165881736 0.21901709401709404 0.2543171114599686
0 0.8942307692307692 0.7048665620094192 0.8979700854700855 0.7095761381475667 0.9033119658119657 0.7116692830978545 0.9118589743589745 0.7032967032967032 0.9107905982905983 0.6980638409209837 0.9043803418803419 0.6938775510204082 0.8947649572649572 0.6949241234955521 0.8942307692307692 0.7048665620094192
0 0.3563034188034188 0.3024594453165882 0.3563034188034188 0.315541601255887 0.358974358974359 0.31815803244374674 0.3659188034188034 0.31815803244374674 0.3680555555555556 0.31606488749345896 0.3680555555555556 0.3024594453165882 0.36538461538461536 0.2998430141287284 0.358974358974359 0.2998430141287284 0.3563034188034188 0.3024594453165882
0 0.6698717948717949 0.3422291993720565 0.6778846153846154 0.34327577184720043 0.6800213675213675 0.34170591313448456 0.6805555555555556 0.3338566195709053 0.6789529914529915 0.33176347462061745 0.671474358974359 0.3312401883830455 0.6693376068376068 0.3328100470957614 0.6698717948717949 0.3422291993720565
0 0.39369658119658124 0.7776033490319205 0.39369658119658124 0.7901622187336473 0.39690170940170943 0.793301936159079 0.4049145299145299 0.7864992150706437 0.40544871794871795 0.7770800627943485 0.4027777777777778 0.7749869178440607 0.3963675213675214 0.7749869178440607 0.39369658119658124 0.7776033490319205
0 0.406517094017094 0.45839874411302983 0.406517094017094 0.46624803767660905 0.4081196581196581 0.46781789638932497 0.41720085470085466 0.46834118262689695 0.42361111111111116 0.46624803767660905 0.42414529914529914 0.45839874411302983 0.422542735042735 0.4568288854003139 0.40865384615384615 0.45630559916274205 0.406517094017094 0.45839874411302983
0 0.5811965811965811 0.2904238618524333 0.5833333333333333 0.293040293040293 0.5908119658119658 0.293040293040293 0.592948717948718 0.2909471480900052 0.5918803418803419 0.28205128205128205 0.5844017094017094 0.28100470957613816 0.5817307692307693 0.28309785452642594 0.5811965811965811 0.2904238618524333
0 0.3563034188034188 0.5907901622187336 0.358974358974359 0.5934065934065934 0.3669871794871795 0.5923600209314495 0.3680555555555556 0.5834641548927263 0.3659188034188034 0.5813710099424385 0.35844017094017094 0.5813710099424385 0.35683760683760685 0.5829408686551544 0.3563034188034188 0.5907901622187336
0 0.5689102564102564 0.5468341182626897 0.5726495726495726 0.5494505494505495 0.5785256410256411 0.5489272632129775 0.5806623931623932 0.5463108320251178 0.5806623931623932 0.5337519623233908 0.5779914529914529 0.5311355311355311 0.5715811965811965 0.5311355311355311 0.5694444444444444 0.532705389848247 0.5689102564102564 0.5468341182626897
0 0.6939102564102564 0.7085295656724229 0.6939102564102564 0.7158555729984302 0.6965811965811965 0.7184720041862899 0.7035256410256411 0.717948717948718 0.7056623931623932 0.7158555729984302 0.7051282051282051 0.7080062794348508 0.7035256410256411 0.706436420722135 0.6960470085470085 0.706436420722135 0.6939102564102564 0.7085295656724229
0 0.4754273504273504 0.4788069073783359 0.4780982905982906 0.48090005232862376 0.484508547008547 0.4803767660910518 0.48664529914529914 0.47828362114076395 0.48664529914529914 0.47095761381475665 0.484508547008547 0.46886446886446886 0.4759615384615385 0.4699110413396127 0.4754273504273504 0.4788069073783359
0 0.22275641025641027 0.640502354788069 0.2264957264957265 0.6446886446886447 0.23076923076923078 0.6441653584510727 0.23824786324786323 0.6368393511250654 0.2377136752136752 0.6331763474620618 0.23397435897435898 0.631083202511774 0.22702991452991453 0.6316064887493459 0.2232905982905983 0.6352694924123495 0.22275641025641027 0.640502354788069
0 0.3685897435897436 0.6640502354788069 0.36912393162393164 0.6713762428048142 0.37286324786324787 0.673992673992674 0.37713675213675213 0.673992673992674 0.38141025641025644 0.6682365253793825 0.3803418803418804 0.663003663003663 0.37713675213675213 0.6609105180533752 0.37072649572649574 0.6619570905285191 0.3685897435897436 0.6640502354788069
0 0.49839743589743596 0.5185766614338043 0.5016025641025641 0.5243328100470958 0.5048076923076923 0.5243328100470958 0.5122863247863247 0.5185766614338043 0.5101495726495726 0.5117739403453689 0.5117521367521368 0.5013082155939299 0.499465811965812 0.5044479330193615 0.49839743589743596 0.5185766614338043
0 0.8643162393162394 0.3772893772893773 0.8728632478632479 0.3819989534275249 0.8824786324786326 0.37938252223966507 0.8856837606837606 0.37310308738880166 0.8835470085470085 0.3704866562009419 0.8776709401709402 0.36891679748822603 0.8643162393162394 0.3725798011512297 0.8643162393162394 0.3772893772893773