1 0 0.49982968542424694 0 0.9030654923643763 0.00504009953172393 0.904952712225678 0.02677223738243526 0.9104438682875049 0.42950168926856175 0.9814559365809605 0.479534720919907 0.9897250453843099 0.5127629477606404 0.9928187552803142 0.5578085138647755 1 0.8807930746769704 1 1 0.3239439316429762 1 0.10030552348164257 0.9948348157485313 0.09889668418732186 0.9448658586123726 0.09340419646689399 0.9235761137467107 0.08854411082783109 0.9028874159987499 0.08655532902941392 0.8877881086131479 0.08112759073020363 0.7484589708116876 0.0549009107266877 0.4355221431105856 0 0.09107344056287978 0 0.07822884988097019 0.05341788844548634 0.014323533576470962 0.41270294126411217 0.00184208838163388 0.49290875162814596 0 0.49982968542424694
0 0.5936863285836934 0.4208392510605396 0.5988974004761897 0.4195458452199038 0.603348771118332 0.41314090212074017 0.5989889157830268 0.4096068189760221 0.5887864363352449 0.40780784657925445 0.5863548070727885 0.409038278543474 0.5844937198257546 0.4164530230963 0.5867056847510006 0.41960837521011973 0.5936863285836934 0.4208392510605396
0 0.7908990202981652 0.7028330472782948 0.793425229178087 0.7010662276490358 0.7951917368076554 0.6941878707612492 0.7934221648674588 0.6916635890701933 0.7806294020245683 0.6888548152197634 0.778197772762112 0.6900852471839831 0.7762421058976126 0.6980363794018484 0.7780116778378092 0.700560661092904 0.7908990202981652 0.7028330472782948
0 0.6421297545978879 0.39730338710622715 0.6446559634778098 0.3955365674769683 0.6458854985048632 0.388563527831457 0.6441159265646665 0.3860392461404012 0.6365983101294589 0.3847136875322567 0.6347036534695174 0.38603880225420095 0.632937145839949 0.3929171591419875 0.6346121381626803 0.39597782849808266 0.6421297545978879 0.39730338710622715
0 0.301112453966803 0.3122849289625346 0.3035440832292592 0.3110544969983151 0.30549975009375874 0.3031033647804498 0.303730178153562 0.30057908308939396 0.2949494572783934 0.3001369342958789 0.2925513974288446 0.30745699609098026 0.2942263897515757 0.31051766544707543 0.301112453966803 0.3122849289625346
0 0.2332927396226761 0.6780696076380488 0.235468070824386 0.6657326913421442 0.23379307850165493 0.662672021986049 0.22501235762648625 0.662229873192534 0.22255328757237938 0.6761759524835566 0.23013497852277368 0.6802781321746224 0.2332927396226761 0.6780696076380488
0 0.44642754846024957 0.2920035387417698 0.44882560830979834 0.28468347694666846 0.4471506159870672 0.28162280759057345 0.44026455177184004 0.2798555440751142 0.43783292250938377 0.2810859760393337 0.43587725564488417 0.2890371082571991 0.4376468275850808 0.2915613899482548 0.44642754846024957 0.2920035387417698
0 0.24339382081170644 0.17490271786024705 0.24592002969162835 0.17313589823098816 0.24724414433614741 0.16562647092043759 0.24591696538099983 0.1637332596521457 0.23849392856325782 0.1618713133789619 0.2359677196833359 0.16363813300822083 0.2342012120537676 0.17051648989600743 0.23641317697901357 0.17367184200982716 0.24339382081170644 0.17490271786024705
0 0.7293327139172388 0.2921115380855047 0.7373873029549614 0.29353177945137376 0.7463236136521537 0.28681152308392843 0.7447432009468883 0.283214466062794 0.7313188858840174 0.2808473971196789 0.7287926770040956 0.2826142167489377 0.7275631419770421 0.289587256394449 0.7293327139172388 0.2921115380855047
0 0.706725397040332 0.6055843405238315 0.7153779688851275 0.600473247151504 0.7179651879696075 0.5920804100263239 0.7157532230443615 0.5889250579125043 0.7034028531865204 0.5867473544848383 0.700971223924064 0.5879777864490578 0.6983534997373049 0.5996836323221986 0.6998393328251047 0.6038170770083722 0.706725397040332 0.6055843405238315
0 0.3722463472568907 0.5211656878077948 0.37540410835679305 0.5189571632712213 0.3776740191759686 0.5060838593102774 0.3748305020307422 0.5033702121037724 0.3723042931508203 0.5051370317330314 0.37003438233164476 0.5180103356939753 0.3722463472568907 0.5211656878077948
0 0.5361235612586321 0.47097342387006097 0.538298892460342 0.4586365075741563 0.5360869275350963 0.45548115546033685 0.5336552982726399 0.4567115874245563 0.530753835233484 0.47002659629281496 0.5335027727612447 0.47327663116435914 0.5361235612586321 0.47097342387006097
0 0.5880876072854435 0.29873089728842084 0.5960476167057004 0.3006875263193292 0.602869606405741 0.2996781687518672 0.605426320387942 0.2945983403746477 0.6044774599026571 0.2905595784461986 0.590610751854737 0.2875614390803195 0.5880845429748149 0.28932825870957835 0.5868550079477616 0.29630129835508956 0.5880876072854435 0.29873089728842084
0 0.7671772321580295 0.407185209994297 0.7737154830056732 0.407785015421953 0.7762416918855951 0.40601819579269405 0.7774712269126486 0.39904515614718283 0.7757016549724517 0.3965208744561271 0.768184038537244 0.3951953158479825 0.7656578296573221 0.3969621354772415 0.7644282946302686 0.40393517512275273 0.7671772321580295 0.407185209994297
0 0.2680405069681224 0.7887257865874935 0.27558862850560917 0.7867383364476773 0.277702949502761 0.781027437647694 0.2759333775625642 0.7785031559566382 0.26367758732218866 0.7757890648639328 0.2612459580597324 0.7770194968281524 0.25938487081269845 0.7844342413809786 0.2621338083404593 0.7876842762525227 0.2680405069681224 0.7887257865874935
0 0.8436194272566901 0.3316206303035703 0.8500630984868682 0.3327568233962656 0.8533154392042361 0.3300119111946526 0.8539134220113089 0.32348057645645617 0.8521438500711124 0.32095629476540044 0.8451632062384196 0.3197254189149805 0.8426369973584975 0.3214922385442394 0.8413128827139786 0.32900166585478996 0.8436194272566901 0.3316206303035703
0 0.28022581806404284 0.5751791903668233 0.2873010415142014 0.5758736785522037 0.289921830011589 0.5735704712579055 0.2906143924361276 0.5665027488546697 0.2887502408784651 0.5645148548286533 0.28176959704577226 0.5632839789782333 0.27924338816585037 0.5650507986074922 0.2780138531387969 0.5720238382530035 0.28022581806404284 0.5751791903668233
0 0.5262141515991386 0.5931125987510875 0.5316784572417526 0.5935230386632941 0.5342992457391402 0.5912198313689959 0.5349918081636788 0.5841521089657601 0.5331276566060164 0.5821642149397437 0.5261470127733234 0.5809333390893238 0.5236208038934016 0.5827001587185827 0.5223912688663481 0.5896731983640939 0.5262141515991386 0.5931125987510875
0 0.4037814719191334 0.6594616859474194 0.40592936232919274 0.6598404169783176 0.40791859860659996 0.6579789145913342 0.4087057406486041 0.6503748045230588 0.4068415890909417 0.6483869104970426 0.39976636564078316 0.647692422311662 0.3978717089808418 0.6490175370336061 0.3979357834960283 0.6517941581165274 0.4037814719191334 0.6594616859474194
0 0.5701882351194371 0.8115840300320384 0.5628597779191606 0.8091856960938152 0.5597965964367239 0.8108578329653495 0.5593572677623032 0.8196294011214279 0.5685803816225211 0.8207026203377069 0.5701882351194371 0.8115840300320384
0 0.1039402883105304 0.6392224069516548 0.10709804941043281 0.6370138824150811 0.10832758443748625 0.6300408427695697 0.10655801249728951 0.6275165610785141 0.0958185604469928 0.6256229059240219 0.09104988153954588 0.6275473821874218 0.08937795352744325 0.633889351410169 0.09158991845268916 0.6370447035239888 0.1039402883105304 0.6392224069516548
0 0.6043438722710558 0.7528980318045949 0.6114190957212143 0.7535925199899756 0.6140398842186019 0.7512893126956774 0.615080260010724 0.7453890483802448 0.6128682950854781 0.742233696266425 0.6058876512527852 0.7410028204160051 0.6033614423728634 0.742769640045264 0.6024797207133934 0.7509101377785786 0.6043438722710558 0.7528980318045949
0 0.3319058492304455 0.20986703770753148 0.33898107268060407 0.21056152589291202 0.3416018611779917 0.20825831859861382 0.34229442360253026 0.20119059619537794 0.3409672446473827 0.19929738492708612 0.333449628212175 0.19797182631894156 0.3309234193322531 0.1997386459482005 0.32969388430519964 0.20671168559371175 0.3319058492304455 0.20986703770753148
0 0.44051193290871254 0.4574329017430415 0.443669694008615 0.4552243772064678 0.4448992290356684 0.4482513375609565 0.4420557118904419 0.44553769035445157 0.43952950301052 0.44730450998371046 0.4382999679834666 0.4542775496292218 0.44051193290871254 0.4574329017430415
0 0.6037578706984853 0.6023611317853916 0.604892826108073 0.5959244798049197 0.6030591796526897 0.5906235770309428 0.5984155854649874 0.5886986568813426 0.5940892995425897 0.5912542035675064 0.5928597645155362 0.5982272432130176 0.5958619357934148 0.6031811238374045 0.6037578706984853 0.6023611317853916
0 0.5386345865894177 0.5195328058829747 0.5398336165141919 0.515872774985424 0.5370206044712447 0.5098461190309586 0.5320291969159588 0.5067537407935552 0.5292192491836398 0.5101297234179321 0.5277364804064686 0.5153989173106007 0.529570126861852 0.5206998200845777 0.5386345865894177 0.5195328058829747
0 0.3449338739717003 0.4499820094469037 0.3486286076741176 0.4478681676680547 0.3505842745386171 0.43991703545018945 0.3477407573933907 0.43720338824368443 0.34031772057564863 0.43534144197050056 0.336687061388418 0.4402319048322708 0.33539345184617797 0.4444283233948608 0.337321677919027 0.44919283850379854 0.3449338739717003 0.4499820094469037