1 0.02804026504975491 0.6745638169113386 0.03511219348022286 0.7192142157508792 0.04118899394576318 0.7540960986919999 0.04683652922632835 0.775811132313599 0.05127038039000224 0.8142619424217763 0.055128632573702 0.8246798871803591 0.05697904550857276 0.8503050354609234 0.06848157970270738 0.9229291781517425 0.07986185422083135 0.9668972020074651 0.0827587887586134 0.9851877268333009 0.08610581720035164 0.9923779319167363 0.08679703567564456 1 0.4523076450585556 1 0.5900892583801577 0.9781775362870464 0.6400885776921651 0.96970697048764 0.6725136968255742 0.9618140781734063 0.8030388934101508 0.9389351115898424 0.8882991365553441 0.9265341188844898 0.9335062055567294 0.9122051518456289 1 0.9006472542675681 1 0.7046359107670668 0.8883966356405881 0 0.5790889043554942 0 0 0.09223080508895706 0 0.4967625337746472 0.01236273696293438 0.575579800206815 0.02667375633785024 0.6554794448540464 0.02804026504975491 0.6745638169113386
0 0.5628099450179169 0.3946507563245264 0.5673160185385556 0.39173125801763303 0.5694396266633809 0.3842260408169501 0.5641667175298 0.38230392961112225 0.5539343955716169 0.38392457019768944 0.5520358343987698 0.3858796275271721 0.552690146535723 0.3934963169754936 0.5558088826254759 0.3957596156732303 0.5628099450179169 0.3946507563245264
0 0.8410864081808735 0.5970749567751735 0.8428997653967272 0.5945819428331662 0.8423306572167675 0.5875032099973694 0.8398356683449653 0.5856925710391799 0.8268254261250035 0.5872017393781088 0.8249268649521564 0.5891567967075915 0.8256663810461033 0.5973114427684374 0.8281613699179056 0.599122081726627 0.8410864081808735 0.5970749567751735
0 0.6009515763888488 0.35662552295992245 0.6027649336047024 0.35413250901791526 0.6016572821637858 0.3471390730550956 0.5991622932919834 0.34532843409690617 0.5916226876385855 0.3465225903185874 0.5902626697266952 0.34839235077509273 0.5908317779066548 0.3554710836108897 0.5934119707354508 0.3578196791816036 0.6009515763888488 0.35662552295992245
0 0.2508340815287863 0.3872633647206719 0.2527326427016335 0.38530830739118926 0.2519931266076867 0.37715366133034334 0.2494981377358843 0.37534302237215383 0.24105185347455946 0.37778368556483855 0.24116762235055575 0.3854856718861373 0.24374781517935173 0.3878342674568513 0.2508340815287863 0.3872633647206719
0 0.3057971245896661 0.7551995123128268 0.30383743357881354 0.7428265102247613 0.3012572407500176 0.7404779146540472 0.2928109564886928 0.7429185778467321 0.2950262593705261 0.7569054497723713 0.3035304280698491 0.7583157797403357 0.3057971245896661 0.7551995123128268
0 0.38162922790331033 0.3207769663989618 0.3815134590273141 0.3130749800776631 0.37893326619851797 0.3107263845069491 0.37184699984908354 0.31129728724312844 0.3699484386762363 0.3132523445726111 0.37068795477018307 0.3214069906334571 0.3731829436419854 0.32321762959164657 0.38162922790331033 0.3207769663989618
0 0.15153276879862465 0.2761572810406467 0.15334612601447825 0.27366426709863945 0.152153270616568 0.26613287452329526 0.1502820289627162 0.26477489530465326 0.14265721935232464 0.26543109491380973 0.14084386213647104 0.26792410885581697 0.1414129703164307 0.2750028416916139 0.14453170640618362 0.2772661403893506 0.15153276879862465 0.2761572810406467
0 0.6491564781229141 0.228774169180387 0.6572346270372691 0.22749471608572872 0.6634961733357633 0.2182312106761788 0.6608307765499737 0.21534465849294016 0.6473671950260488 0.21747708031737076 0.645553837810195 0.219970094259378 0.6466614892511118 0.22696353022219765 0.6491564781229141 0.228774169180387
0 0.7298376018336977 0.5325287492638425 0.7363547600031726 0.5248791136918662 0.7360685832131891 0.5161012141455186 0.7329498471234361 0.5138379154477818 0.7205633521214252 0.515799743526258 0.7186647909485779 0.5177548008557407 0.7200007347414801 0.5296751432042587 0.7227513354842631 0.5330996520000217 0.7298376018336977 0.5325287492638425
0 0.38609742214812565 0.5616050719363407 0.3883641186679427 0.5584888045088316 0.3863192237000965 0.5455778458082416 0.3827471483063801 0.5439378005960066 0.3809337910905265 0.5464308145380138 0.3829786860583727 0.5593417732386039 0.38609742214812565 0.5616050719363407
0 0.5247053693660022 0.460794151911702 0.5227456783551496 0.4484211498236365 0.5196269422653967 0.44615785112589973 0.5177283810925495 0.4481129084553824 0.5193199367564323 0.4616471206414742 0.5229772161071422 0.4638251224662338 0.5247053693660022 0.460794151911702
0 0.5177616586494278 0.2810178049575264 0.5259250115207764 0.28027630847539264 0.5320467148242861 0.2771009195495676 0.532810305037221 0.27146546280539 0.5305982475553951 0.26795565713664965 0.5165109188135194 0.26963541922153283 0.5146975615976658 0.27212843316354013 0.5158052130385824 0.27912186912635967 0.5177616586494278 0.2810178049575264
0 0.7224034960941428 0.32525749357259703 0.7287808112686331 0.3236959744843458 0.7305941684844868 0.32120296054233854 0.7294865170435701 0.3142095245795189 0.7269915281717677 0.31239888562132945 0.7194519225183698 0.3135930418430107 0.7176385653025161 0.3160860557850179 0.7187462167434328 0.32307949174783757 0.7224034960941428 0.32525749357259703
0 0.37467791203524053 0.8485142185282051 0.38116775068571995 0.8441776195043538 0.38130759368070455 0.838089503020629 0.37881260480890216 0.8362788640624395 0.36634090584989754 0.837702735528391 0.3644423446770504 0.8396577928578737 0.36509665681400366 0.8472744823061952 0.3687539361647136 0.8494524841309546 0.37467791203524053 0.8485142185282051
0 0.7700795907672727 0.22892263543673524 0.7765421098987566 0.22789907296100856 0.7787236024615801 0.22424484892097496 0.7771626117167 0.21787466644365713 0.7746676228448977 0.2160640274854677 0.7676665604524568 0.21717288683417163 0.7658532032366032 0.21966590077617884 0.7670460586345135 0.227197293351523 0.7700795907672727 0.22892263543673524
0 0.31667537880371854 0.6426347958005695 0.32359123723916594 0.640987979839341 0.32531939049802605 0.6379570092848091 0.3236731957961524 0.6310488701949668 0.3212634108813436 0.6297761878493019 0.31426234848890255 0.6308850471980059 0.3124489912730489 0.633378061140013 0.3135566427139656 0.6403714971028327 0.31667537880371854 0.6426347958005695
0 0.5551004642126633 0.5795051987846873 0.5604006928652397 0.5781142734423904 0.5621288461240999 0.5750833028878586 0.5604826514222261 0.5681751637980162 0.5580728665074174 0.5669024814523513 0.5510718041149764 0.5680113408010553 0.5492584468991227 0.5705043547430626 0.5503660983400394 0.5774977907058821 0.5551004642126633 0.5795051987846873
0 0.46093924118324414 0.6820996747715413 0.4630934142270721 0.6817584872796324 0.4643682281819689 0.6793507702106024 0.4626368295231015 0.6719046745082353 0.4602270446082928 0.6706319921625705 0.45331118617284527 0.6722788081237991 0.45195116826095516 0.6741485685803046 0.45291573130688006 0.6767530547699502 0.46093924118324414 0.6820996747715413
0 0.6678061177098141 0.7717574340829476 0.6600961041424289 0.7718756770795796 0.6577442036656183 0.774453987894564 0.6601845534994297 0.782890699949003 0.6692545849787052 0.7809026964958654 0.6678061177098141 0.7717574340829476
0 0.17084456764143002 0.7605818013020113 0.17311126416124706 0.7574655338745021 0.17200361272033038 0.7504720979116825 0.16950862384852808 0.748661458953493 0.15873775862938805 0.7503673964130376 0.15485543232670002 0.7537395544594784 0.15533933654966606 0.7602803306827506 0.158458072639419 0.7625436293804875 0.17084456764143002 0.7605818013020113
0 0.6809946149627151 0.7051487448795505 0.6879104733981625 0.703501928918322 0.6896386266570225 0.7004709583637901 0.688701383130093 0.6945534356260197 0.6855826470403401 0.6922901369282829 0.6785815846478991 0.6933989962769868 0.6767682274320455 0.695892010218994 0.6785848300479063 0.7038760625338856 0.6809946149627151 0.7051487448795505
0 0.24660580491704726 0.2803999971999017 0.25352166335249465 0.27875318123867315 0.2552498166113547 0.2757222106841414 0.25360362190948105 0.268814071594299 0.2517323802556293 0.2674560923756569 0.24419277460223127 0.26865024859733805 0.24237941738637764 0.27114326253934534 0.24348706882729432 0.2781366985021649 0.24660580491704726 0.2803999971999017
0 0.42989443591857485 0.4791194381038183 0.4321611324383919 0.4760031706763093 0.43105348099747526 0.46900973471348967 0.4274814056037588 0.46736968950125474 0.4256680483879052 0.46986270344326186 0.4267756998288218 0.4768561394060815 0.42989443591857485 0.4791194381038183
0 0.6314305188735656 0.5630040930487474 0.6304080713896425 0.5565486136984523 0.6269485194719153 0.5521334885506172 0.621931222209315 0.5518252471823631 0.6186726431245776 0.5556500649683511 0.6197802945654942 0.5626435009311708 0.624231729048142 0.5663500757205269 0.6314305188735656 0.5630040930487474
0 0.5428889788435846 0.5058904397417964 0.5428310944055864 0.5020394465811471 0.5382092520089515 0.4972569585667417 0.5324830035714072 0.4959581008464157 0.5309252582265344 0.5000649846259967 0.5312387545355132 0.5055298476242197 0.5346983064532406 0.5099449727720549 0.5428889788435846 0.5058904397417964
0 0.33709783251999087 0.5031916532877507 0.3399030723007649 0.49999008898726444 0.33916355620681804 0.4918354429264184 0.3355914808131017 0.4901953977141834 0.32796667120271017 0.49085159732334 0.326125994467861 0.49665764781347194 0.3262690828628527 0.5010465975866458 0.3296434308235865 0.5049237661219564 0.33709783251999087 0.5031916532877507