1 0.008728859792689581 0.4545945945945946 0.007092198581560284 0.4832432432432433 0.008728859792689581 0.5394594594594595 0.006546644844517185 0.6329729729729731 0.007092198581560284 0.8318918918918919 0.008728859792689581 0.8497297297297297 0.008183306055646482 0.8735135135135135 0.010365521003818877 0.8843243243243244 0.00927441352973268 0.9037837837837838 0.012002182214948174 0.9524324324324326 0.013638843426077468 0.9610810810810811 0.01800327332242226 0.9664864864864866 0.03382433169667213 0.9745945945945946 0.08128750681942172 0.9745945945945946 0.13857064920894707 0.9800000000000001 0.24549918166939447 0.981081081081081 0.3055100927441353 0.9864864864864865 0.5008183306055647 0.9886486486486487 0.557555919258047 0.9924324324324324 0.6137479541734862 0.992972972972973 0.9339879978177852 0.9924324324324324 0.9405346426623022 0.991891891891892 0.9470812875068194 0.9886486486486487 0.96126568466994 0.9756756756756758 0.966721222040371 0.9675675675675676 0.9683578832515003 0.9600000000000002 0.9683578832515003 0.04054054054054054 0.967266775777414 0.02972972972972973 0.9650845608292418 0.025405405405405406 0.9236224768139663 0.023243243243243245 0.8565193671576651 0.024324324324324326 0.8401527550463721 0.022162162162162165 0.8216039279869067 0.023783783783783784 0.7861429350791054 0.022162162162162165 0.7463175122749591 0.023243243243243245 0.7250409165302782 0.02108108108108108 0.7081287506819423 0.02108108108108108 0.6944899072558648 0.023243243243243245 0.6339334424440808 0.023243243243243245 0.6213857064920896 0.02108108108108108 0.552645935624659 0.022162162162162165 0.5144571740316422 0.019459459459459462 0.4566284779050737 0.019459459459459462 0.43207855973813425 0.02108108108108108 0.34751773049645396 0.019459459459459462 0.17021276595744683 0.02 0.07092198581560284 0.022162162162162165 0.03982542280414621 0.025405405405405406 0.033278777959629025 0.02972972972972973 0.024004364429896348 0.032432432432432434 0.020185488270594652 0.03621621621621622 0.017457719585379162 0.05351351351351352 0.01309328968903437 0.0681081081081081 0.011456628477905075 0.1210810810810811 0.012002182214948174 0.18594594594594596 0.008728859792689581 0.24324324324324326 0.010365521003818877 0.265945945945946 0.008183306055646482 0.2745945945945946 0.010911074740861976 0.2951351351351351 0.010911074740861976 0.3248648648648649 0.007092198581560284 0.34594594594594597 0.008728859792689581 0.4545945945945946
0 0.7561374795417349 0.3027027027027027 0.7588652482269505 0.30540540540540545 0.7714129841789417 0.305945945945946 0.7746863066012002 0.3027027027027027 0.7746863066012002 0.29081081081081084 0.7719585379159848 0.2875675675675676 0.7643207855973814 0.2875675675675676 0.756683033278778 0.2945945945945946 0.7561374795417349 0.3027027027027027
0 0.563011456628478 0.6902702702702703 0.5662847790507366 0.6924324324324325 0.5728314238952537 0.6881081081081082 0.574468085106383 0.684864864864865 0.574468085106383 0.6778378378378378 0.5717403164211675 0.6751351351351352 0.5646481178396072 0.6751351351351352 0.563011456628478 0.6767567567567567 0.563011456628478 0.6902702702702703
0 0.6873977086743045 0.31513513513513514 0.6895799236224769 0.31783783783783787 0.6961265684669941 0.3183783783783784 0.6993998908892526 0.31567567567567567 0.6993998908892526 0.3027027027027027 0.6966721222040372 0.3 0.6884888161483906 0.3010810810810811 0.6873977086743045 0.31513513513513514
0 0.6813966175668303 0.5524324324324325 0.6813966175668303 0.5659459459459459 0.6835788325150027 0.5681081081081081 0.690671031096563 0.5681081081081081 0.6933987997817785 0.5654054054054054 0.6933987997817785 0.552972972972973 0.690671031096563 0.5502702702702703 0.6835788325150027 0.5502702702702703 0.6813966175668303 0.5524324324324325
0 0.6688488816148391 0.4097297297297297 0.6710310965630115 0.41189189189189196 0.6797599563557011 0.4108108108108109 0.6808510638297873 0.4027027027027027 0.6781232951445718 0.4 0.6715766503000546 0.4 0.6693944353518823 0.4016216216216216 0.6688488816148391 0.4097297297297297
0 0.7561374795417349 0.6216216216216217 0.7599563557010366 0.6243243243243244 0.7670485542825969 0.6194594594594596 0.7681396617566831 0.6086486486486486 0.7659574468085106 0.6064864864864865 0.7583196944899073 0.6064864864864865 0.756683033278778 0.6081081081081081 0.7561374795417349 0.6216216216216217
0 0.5499181669394436 0.4843243243243244 0.552645935624659 0.48702702702702705 0.5651936715766503 0.48702702702702705 0.5679214402618659 0.4843243243243244 0.5673758865248227 0.47783783783783784 0.5646481178396072 0.4756756756756757 0.552645935624659 0.4751351351351351 0.5504637206764866 0.47675675675675677 0.5499181669394436 0.4843243243243244
0 0.31860338243316966 0.3589189189189189 0.3207855973813421 0.36162162162162165 0.32951445717403166 0.3610810810810811 0.33060556464811786 0.3524324324324325 0.32842334969994547 0.3502702702702703 0.3207855973813421 0.3502702702702703 0.3191489361702128 0.3518918918918919 0.31860338243316966 0.3589189189189189
0 0.331151118385161 0.5718918918918919 0.3338788870703765 0.5745945945945946 0.34206219312602293 0.5735135135135135 0.3431533006001092 0.5648648648648649 0.34097108565193673 0.5627027027027027 0.33333333333333337 0.5627027027027027 0.33169667212220405 0.5643243243243243 0.331151118385161 0.5718918918918919
0 0.34369885433715225 0.25297297297297294 0.3464266230223677 0.2556756756756757 0.3584288052373159 0.2556756756756757 0.3617021276595745 0.25297297297297294 0.3617021276595745 0.24054054054054058 0.3595199127114021 0.23783783783783785 0.3496999454446263 0.23837837837837839 0.3442444080741953 0.24540540540540542 0.34369885433715225 0.25297297297297294
0 0.4811783960720131 0.54 0.4811783960720131 0.5437837837837838 0.48390616475722864 0.5491891891891892 0.49154391707583206 0.5491891891891892 0.49918166939443537 0.5410810810810811 0.4986361156573923 0.538918918918919 0.49536279323513366 0.5372972972972974 0.4833606110201855 0.5378378378378379 0.4811783960720131 0.54
0 0.4375340971085652 0.30864864864864866 0.4375340971085652 0.3216216216216216 0.43971631205673767 0.32432432432432434 0.4468085106382979 0.32432432432432434 0.44953627932351337 0.3216216216216216 0.44899072558647035 0.3097297297297298 0.4468085106382979 0.30702702702702706 0.43971631205673767 0.3064864864864865 0.4375340971085652 0.30864864864864866
0 0.5444626295690126 0.7778378378378379 0.546644844517185 0.78 0.5559192580469177 0.7805405405405406 0.5613747954173487 0.7778378378378379 0.5619203491543917 0.7713513513513515 0.5591925804691763 0.7686486486486487 0.546644844517185 0.7686486486486487 0.5444626295690126 0.7702702702702704 0.5444626295690126 0.7778378378378379
0 0.4315330060010911 0.1972972972972973 0.4337152209492635 0.19945945945945948 0.4402618657937807 0.19945945945945948 0.4429896344789962 0.19675675675675677 0.44244408074195307 0.1827027027027027 0.4402618657937807 0.1810810810810811 0.43426077468630664 0.1810810810810811 0.4315330060010911 0.18324324324324326 0.4315330060010911 0.1972972972972973
0 0.5499181669394436 0.24054054054054058 0.552645935624659 0.24324324324324326 0.5651936715766503 0.24324324324324326 0.5679214402618659 0.24108108108108112 0.5679214402618659 0.23351351351351352 0.5657392253136935 0.23135135135135138 0.552645935624659 0.23135135135135138 0.5504637206764866 0.23297297297297298 0.5499181669394436 0.24054054054054058
0 0.20621931260229137 0.6275675675675676 0.20949263502454993 0.6308108108108108 0.2193126022913257 0.6308108108108108 0.2242225859247136 0.6281081081081081 0.2242225859247136 0.6210810810810811 0.2220403709765412 0.6189189189189189 0.20894708128750686 0.6189189189189189 0.20676486633933444 0.6205405405405406 0.20621931260229137 0.6275675675675676
0 0.6770321876704857 0.8135135135135135 0.6824877250409166 0.8178378378378379 0.6901254773595199 0.8183783783783785 0.6933987997817785 0.8151351351351351 0.6933987997817785 0.8091891891891893 0.690671031096563 0.8064864864864866 0.6770321876704857 0.8064864864864866 0.6753955264593563 0.8081081081081081 0.6770321876704857 0.8135135135135135
0 0.3687943262411348 0.8962162162162162 0.3687943262411348 0.9027027027027028 0.3709765411893072 0.9054054054054055 0.38025095471903986 0.904864864864865 0.386797599563557 0.8972972972972973 0.38461538461538464 0.894054054054054 0.3709765411893072 0.894054054054054 0.3687943262411348 0.8962162162162162
0 0.41243862520458274 0.5405405405405406 0.41516639388979815 0.5432432432432432 0.4217130387343154 0.5432432432432432 0.42444080741953083 0.5405405405405406 0.4217130387343154 0.5372972972972974 0.414620840152755 0.5378378378378379 0.41243862520458274 0.5405405405405406
0 0.6066557555919259 0.5594594594594595 0.6093835242771413 0.5616216216216217 0.6164757228587017 0.5572972972972974 0.6181123840698309 0.5540540540540542 0.6181123840698309 0.5464864864864866 0.6153846153846154 0.5437837837837838 0.607201309328969 0.5448648648648649 0.6066557555919259 0.5594594594594595
0 0.8063284233497001 0.664864864864865 0.8063284233497001 0.6718918918918919 0.8085106382978724 0.674054054054054 0.8156028368794328 0.6745945945945946 0.822695035460993 0.6708108108108108 0.8243316966721222 0.664864864864865 0.8221494817239499 0.6627027027027028 0.8085106382978724 0.6627027027027028 0.8063284233497001 0.664864864864865
0 0.38134206219312605 0.6654054054054054 0.38406983087834157 0.6681081081081082 0.39334424440807425 0.658918918918919 0.39061647572285874 0.6562162162162163 0.38406983087834157 0.6562162162162163 0.3818876159301691 0.6578378378378379 0.38134206219312605 0.6654054054054054
0 0.475177304964539 0.4583783783783784 0.475177304964539 0.46594594594594596 0.4773595199127114 0.4681081081081081 0.4844517184942717 0.4681081081081081 0.4871794871794872 0.4654054054054054 0.4866339334424441 0.4583783783783784 0.4844517184942717 0.4562162162162163 0.4768139661756684 0.45675675675675675 0.475177304964539 0.4583783783783784
0 0.41898527004909986 0.427027027027027 0.41898527004909986 0.44108108108108113 0.4211674849972723 0.44324324324324327 0.42825968357883254 0.44324324324324327 0.430441898527005 0.44108108108108113 0.430441898527005 0.4275675675675676 0.4266230223677033 0.42486486486486486 0.4206219312602292 0.42540540540540545 0.41898527004909986 0.427027027027027
0 0.23731587561374798 0.5135135135135135 0.24058919803600656 0.5183783783783784 0.24549918166939447 0.518918918918919 0.24986361156573925 0.5156756756756757 0.24986361156573925 0.5097297297297297 0.24495362793235134 0.5037837837837837 0.24058919803600656 0.5037837837837837 0.23786142935079108 0.5075675675675676 0.23731587561374798 0.5135135135135135