1 0.0065430752453653224 0.49836601307189543 0.008178844056706653 0.579520697167756 0.0065430752453653224 0.5985838779956427 0.0065430752453653224 0.6437908496732027 0.0070883315158124325 0.6791938997821351 0.009269356597600873 0.701525054466231 0.0076335877862595426 0.7401960784313726 0.009814612868047983 0.7510893246187365 0.0076335877862595426 0.7766884531590414 0.0076335877862595426 0.8502178649237473 0.011995637949836423 0.8954248366013072 0.011995637949836423 0.9139433551198257 0.014176663031624865 0.9215686274509804 0.013631406761177753 0.9297385620915033 0.016902944383860412 0.9389978213507625 0.022900763358778626 0.9482570806100219 0.025627044711014173 0.9596949891067539 0.02998909487459106 0.965686274509804 0.031079607415485277 0.9722222222222223 0.033805888767720824 0.9754901960784315 0.04034896401308615 0.9798474945533769 0.059432933478735 0.9803921568627452 0.08287895310796074 0.9847494553376906 0.10523446019629226 0.9863834422657952 0.5141766630316249 0.9863834422657952 0.5648854961832062 0.9858387799564271 0.5981461286804798 0.9831154684095861 0.7306434023991276 0.9809368191721134 0.816793893129771 0.9820261437908497 0.8636859323882226 0.9749455337690632 0.9362050163576882 0.9738562091503269 0.9411123227917122 0.9727668845315904 0.9498364231188658 0.9662309368191722 0.9618320610687023 0.940087145969499 0.9618320610687023 0.027233115468409584 0.9591057797164668 0.022875816993464054 0.9176663031624864 0.01906318082788671 0.8675027262813522 0.022331154684095862 0.8456924754634679 0.021241830065359478 0.8249727371864777 0.022875816993464054 0.8091603053435115 0.020152505446623094 0.6673936750272629 0.01851851851851852 0.03598691384950927 0.01906318082788671 0.027262813522355506 0.02450980392156863 0.021264994547437296 0.026143790849673203 0.013086150490730645 0.03594771241830065 0.0070883315158124325 0.13344226579520696 0.0065430752453653224 0.49836601307189543
0 0.5687022900763359 0.4030501089324619 0.5714285714285714 0.40577342047930287 0.5785169029443838 0.40577342047930287 0.5834242093784079 0.4035947712418301 0.5866957470010905 0.3965141612200436 0.5817884405670666 0.39379084967320266 0.5714285714285714 0.39379084967320266 0.569247546346783 0.39542483660130723 0.5687022900763359 0.4030501089324619
0 0.806434023991276 0.6470588235294118 0.8086150490730644 0.6492374727668846 0.8217011995637951 0.6492374727668846 0.8238822246455835 0.6470588235294118 0.8244274809160306 0.6399782135076253 0.8222464558342422 0.6377995642701525 0.8091603053435115 0.6372549019607844 0.806979280261723 0.638888888888889 0.806434023991276 0.6470588235294118
0 0.6123227917121047 0.3714596949891068 0.6145038167938932 0.3741830065359477 0.6221374045801527 0.3741830065359477 0.6243184296619411 0.372004357298475 0.6243184296619411 0.36492374727668847 0.6221374045801527 0.3627450980392157 0.6145038167938932 0.3627450980392157 0.6128680479825518 0.3643790849673203 0.6123227917121047 0.3714596949891068
0 0.26226826608506 0.3464052287581699 0.26444929116684845 0.34912854030501095 0.27153762268266085 0.34967320261437906 0.27371864776444926 0.3480392156862745 0.2742639040348964 0.33986928104575165 0.27208287895310795 0.3376906318082789 0.2633587786259542 0.33877995642701525 0.26226826608506 0.3464052287581699
0 0.257360959651036 0.7216775599128541 0.26553980370774266 0.724400871459695 0.2682660850599782 0.7216775599128541 0.2682660850599782 0.7091503267973857 0.26608505997818976 0.7064270152505447 0.257360959651036 0.7075163398692811 0.257360959651036 0.7216775599128541
0 0.40021810250817885 0.3033769063180828 0.40239912758996726 0.3055555555555556 0.4111232279171211 0.3044662309368192 0.4122137404580153 0.2968409586056645 0.41003271537622676 0.29411764705882354 0.4029443838604144 0.29357298474945537 0.400763358778626 0.29520697167755994 0.40021810250817885 0.3033769063180828
0 0.18102508178844057 0.22167755991285404 0.18375136314067614 0.224400871459695 0.19083969465648856 0.224400871459695 0.193020719738277 0.22222222222222224 0.193020719738277 0.21459694989106753 0.19138495092693567 0.21296296296296297 0.18375136314067614 0.21241830065359477 0.18157033805888767 0.21459694989106753 0.18102508178844057 0.22167755991285404
0 0.6875681570338059 0.24618736383442266 0.6875681570338059 0.2532679738562092 0.6897491821155943 0.25544662309368193 0.697928026172301 0.25544662309368193 0.7055616139585605 0.24727668845315906 0.7033805888767721 0.2440087145969499 0.6897491821155943 0.2440087145969499 0.6875681570338059 0.24618736383442266
0 0.712649945474373 0.5637254901960784 0.7148309705561614 0.5675381263616558 0.7219193020719739 0.568082788671024 0.7295528898582334 0.5615468409586056 0.7306434023991276 0.5528322440087147 0.727917121046892 0.5501089324618736 0.7153762268266085 0.5501089324618736 0.71319520174482 0.5517429193899782 0.712649945474373 0.5637254901960784
0 0.3751363140676118 0.5272331154684096 0.3751363140676118 0.5403050108932462 0.37786259541984735 0.5430283224400871 0.38058887677208286 0.5403050108932462 0.38058887677208286 0.5272331154684096 0.3773173391494002 0.5250544662309369 0.3751363140676118 0.5272331154684096
0 0.5250817884405671 0.4651416122004358 0.5283533260632497 0.4678649237472767 0.5305343511450381 0.4651416122004358 0.5305343511450381 0.4526143790849673 0.5278080697928027 0.4498910675381264 0.5256270447110142 0.451525054466231 0.5250817884405671 0.4651416122004358
0 0.5501635768811342 0.2772331154684096 0.5501635768811342 0.28431372549019607 0.5517993456924755 0.28649237472766886 0.5599781897491821 0.2870370370370371 0.5665212649945475 0.2848583877995643 0.5681570338058888 0.27941176470588236 0.5665212649945475 0.27559912854030505 0.5523446019629226 0.2750544662309368 0.5501635768811342 0.2772331154684096
0 0.7437295528898582 0.3523965141612201 0.7437295528898582 0.35947712418300654 0.7470010905125408 0.3622004357298475 0.7535441657579062 0.36165577342047933 0.7557251908396947 0.35947712418300654 0.7557251908396947 0.3523965141612201 0.7535441657579062 0.3502178649237473 0.7459105779716466 0.3502178649237473 0.7437295528898582 0.3523965141612201
0 0.31243184296619414 0.8218954248366014 0.3157033805888768 0.8246187363834423 0.32170119956379495 0.8246187363834423 0.3287895310796074 0.8213507625272332 0.32988004362050166 0.8153594771241831 0.3276990185387132 0.8131808278867103 0.31515812431842966 0.8126361655773421 0.31297709923664124 0.8142701525054467 0.31243184296619414 0.8218954248366014
0 0.806434023991276 0.26470588235294124 0.806434023991276 0.27233115468409586 0.8091603053435115 0.27450980392156865 0.8157033805888767 0.27450980392156865 0.8184296619411123 0.2712418300653595 0.8178844056706651 0.26470588235294124 0.8157033805888767 0.26252723311546844 0.8086150490730644 0.26252723311546844 0.806434023991276 0.26470588235294124
0 0.29389312977099236 0.6023965141612201 0.29389312977099236 0.6094771241830066 0.2966194111232279 0.6122004357298476 0.3037077426390403 0.6116557734204793 0.3058887677208288 0.6089324618736384 0.3053435114503817 0.6018518518518519 0.3031624863685932 0.6002178649237473 0.2960741548527808 0.6002178649237473 0.29389312977099236 0.6023965141612201
0 0.5376226826608506 0.5773420479302833 0.5376226826608506 0.5844226579520697 0.5419847328244275 0.5871459694989107 0.5474372955288985 0.5866013071895425 0.549618320610687 0.5838779956427016 0.54907306434024 0.576797385620915 0.5468920392584515 0.5751633986928104 0.539803707742639 0.5751633986928104 0.5376226826608506 0.5773420479302833
0 0.42529989094874593 0.664488017429194 0.425845147219193 0.6672113289760349 0.4329334787350055 0.6737472766884532 0.4351145038167939 0.6737472766884532 0.43675027262813526 0.6715686274509804 0.4362050163576881 0.6639433551198257 0.4340239912758997 0.6623093681917211 0.4269356597600872 0.6628540305010894 0.42529989094874593 0.664488017429194
0 0.613958560523446 0.8044662309368192 0.6232279171210469 0.803921568627451 0.6232279171210469 0.7946623093681918 0.6155943293347874 0.7935729847494554 0.6128680479825518 0.7957516339869282 0.613958560523446 0.8044662309368192
0 0.11886586695747 0.7031590413943356 0.12159214830970558 0.7058823529411765 0.1341330425299891 0.7058823529411765 0.13685932388222463 0.7031590413943356 0.13685932388222463 0.696078431372549 0.1346782988004362 0.6938997821350763 0.123773173391494 0.6938997821350763 0.11941112322791711 0.6966230936819173 0.11886586695747 0.7031590413943356
0 0.6439476553980371 0.7211328976034859 0.6444929116684841 0.7293028322440087 0.6466739367502726 0.7309368191721133 0.6537622682660851 0.7303921568627452 0.6559432933478735 0.7276688453159041 0.6559432933478735 0.7216775599128541 0.653217011995638 0.7189542483660131 0.6461286804798255 0.7189542483660131 0.6439476553980371 0.7211328976034859
0 0.2813522355507089 0.23366013071895425 0.2813522355507089 0.24074074074074076 0.2840785169029444 0.24346405228758172 0.2911668484187568 0.24291938997821352 0.29334787350054525 0.24019607843137258 0.29280261723009815 0.23311546840958605 0.2911668484187568 0.23148148148148148 0.2835332606324973 0.23148148148148148 0.2813522355507089 0.23366013071895425
0 0.4312977099236641 0.45860566448801743 0.4312977099236641 0.46568627450980393 0.4340239912758997 0.46840958605664496 0.43675027262813526 0.46568627450980393 0.43675027262813526 0.45860566448801743 0.43347873500545253 0.4564270152505447 0.4312977099236641 0.45860566448801743
0 0.6085059978189749 0.5806100217864925 0.6123227917121047 0.5849673202614379 0.6199563794983642 0.5827886710239651 0.6199563794983642 0.5762527233115469 0.6172300981461287 0.5713507625272332 0.6123227917121047 0.5702614379084967 0.6085059978189749 0.5735294117647058 0.6085059978189749 0.5806100217864925
0 0.5299890948745911 0.5103485838779956 0.5327153762268266 0.5152505446623094 0.5414394765539804 0.5125272331154684 0.5419847328244275 0.5087145969498911 0.5381679389312978 0.5032679738562091 0.5327153762268266 0.5010893246187365 0.5305343511450381 0.5049019607843138 0.5299890948745911 0.5103485838779956
0 0.3282442748091603 0.4738562091503268 0.33097055616139587 0.47821350762527237 0.33860414394765537 0.4776688453159042 0.34187568157033804 0.47494553376906323 0.34242093784078514 0.4667755991285404 0.33914940021810247 0.46459694989106753 0.33151581243184297 0.46405228758169936 0.3287895310796074 0.46949891067538124 0.3282442748091603 0.4738562091503268