1 0.019001572093618448 0.6074471707073437 0.029855159968659388 0.700354322756908 0.05807956719980565 0.8972614500255822 0.062182847742849566 0.9146979120358093 0.06495266623902608 0.9383261600760686 0.06861821808576478 0.9487280551979221 0.07024596251059165 0.9681499893462453 0.07655778384334287 1 0.4433368279517049 1 0.5688171143807426 0.9837792639824885 0.6255291376432415 0.9796298780888291 0.681249544240834 0.972344738377549 0.9982978050909684 0.9272406584148275 1 0.9268564257483243 1 0.6923945858400324 0.9026902869626252 0 0.6289106196161023 0 0.6262454286064909 0.0008152437287575864 0.5662782951475087 0.009243074719792688 0.5535517580863646 0.008848261893628973 0.4856314153501794 0.01948554903884885 0.447438160643722 0.02212399722578562 0.39017224941262196 0.030172196190197464 0.3660869354713482 0.03519472454127914 0.2821233602973387 0.04535747725512555 0.1066191441882252 0.07056883902279125 0.008595569906204104 0.08652856494050613 0 0.088664382441178 0 0.47729490866500573 0.007190665687818304 0.5234082048735996 0.009557053621836875 0.5520058260589267 0.019001572093618448 0.6074471707073437
0 0.741764507217692 0.2700610800114111 0.7445546016718205 0.26639384135651767 0.7428995702009441 0.2546176805390503 0.7397469757537322 0.2517856323427278 0.7321835535156624 0.25284860201727277 0.725598104419474 0.2608702121748666 0.7261862905222225 0.2689753391375554 0.7292636562662128 0.27127210729672024 0.741764507217692 0.2700610800114111
0 0.5983022222055882 0.6761412778200073 0.5994715833229874 0.6727018183810878 0.5984936101811059 0.6657431778980388 0.5954162444371156 0.6634464097388741 0.5883930666446222 0.6644334530080944 0.5869980194175579 0.6662670723355412 0.5888787369980995 0.6796490732644813 0.5924211184844446 0.6813346349811639 0.5983022222055882 0.6761412778200073
0 0.6689410339022448 0.2928503648008364 0.6718063570595949 0.2897184061831005 0.6700008681822751 0.27687168529131795 0.6669235024382848 0.27457491713215315 0.6589702931610819 0.276784373286338 0.6598457505536922 0.290853507063085 0.6623828718521063 0.2932262016275745 0.6689410339022448 0.2928503648008364
0 0.6912710725423927 0.5418960492901169 0.6982942503348861 0.5409090060208965 0.70061932904666 0.5378529738084853 0.698889068872562 0.5255415329538604 0.6958117031285715 0.5232447647946957 0.6887885253360782 0.524231808063916 0.6869284623666589 0.5266766338338449 0.6888091799472005 0.540058634762785 0.6912710725423927 0.5418960492901169
0 0.6655978087858557 0.3866610433145262 0.6655498671286837 0.3784799899465128 0.6624725013846933 0.3761832217873479 0.6559895680377763 0.37709433865124364 0.6540542763651357 0.37900388438401506 0.654642462467884 0.3871090113467037 0.6571043550630764 0.3889464258740356 0.6655978087858557 0.3866610433145262
0 0.781075199521642 0.5811309128054195 0.7806511143483615 0.5702734592516181 0.7781892217531692 0.5684360447242862 0.7706257995150994 0.5694990143988312 0.7692307522880351 0.571332633726278 0.7705712254230002 0.5847905610605426 0.7747290800581433 0.5869354764090583 0.781075199521642 0.5811309128054195
0 0.562753722369062 0.47808007367192296 0.5650788010808359 0.4750240414595118 0.5636358121965994 0.4686766074189451 0.5606336751558307 0.46691511929693785 0.5486730686499279 0.4680502201769223 0.5467377769772872 0.4699597659096937 0.547250734376814 0.4775296128352249 0.5503281001208044 0.47982638099438973 0.562753722369062 0.47808007367192296
0 0.3118398340294042 0.3861600321144455 0.3117166636690105 0.37744369870927447 0.3092547710738182 0.37560628418194264 0.3016913488357484 0.37666925385648764 0.30029630160868415 0.3785028731839343 0.30073403030498924 0.38553744007230784 0.3032711516034032 0.38791013463679735 0.3118398340294042 0.3861600321144455
0 0.353830336643773 0.5947787793949177 0.35370716628337934 0.5860624459897468 0.351245273688187 0.5842250314624149 0.3436818514501172 0.5852880011369599 0.3422868042230529 0.5871216204644065 0.3427997616225797 0.5946914673899377 0.34587712736657006 0.5969882355491025 0.353830336643773 0.5947787793949177
0 0.3258031925167312 0.27775632538650635 0.3286685156740813 0.27462436676877056 0.32693825549998323 0.2623129259141456 0.32440113420156924 0.2599402313496561 0.3147519628844154 0.2618421866826573 0.31032749157053285 0.2695600912189525 0.31084044897005964 0.2771299381444836 0.31391781471405 0.27942670630364846 0.3258031925167312 0.27775632538650635
0 0.4909086008486666 0.5509503123384191 0.4984720230867364 0.5498873426638742 0.5049070147764814 0.5407951724319651 0.5040658555180183 0.5387299786886592 0.5005987027348948 0.5375796970091342 0.4887885536354354 0.539785357963434 0.48692849066601634 0.542230183733363 0.4874550915885679 0.5459771439934662 0.4909086008486666 0.5509503123384191
0 0.41585366021676756 0.33442385571215094 0.42287683800926096 0.33343681244293066 0.4252019167210347 0.33038078023051937 0.42300664080458183 0.31868054581837674 0.42046951950616795 0.3163078512538872 0.4133711130104529 0.31675961448594997 0.41151105004103383 0.3192044402558789 0.4133165389183536 0.3320511611476614 0.41585366021676756 0.33442385571215094
0 0.5944187526436226 0.7700278827390218 0.5994450535832786 0.7665922184999874 0.599082553590195 0.7600929316487715 0.5960051878462048 0.7577961634896065 0.5835795655979472 0.7595424708120733 0.5816442739253065 0.7614520165448446 0.5826974757704096 0.7689459370650511 0.585159368365602 0.7707833515923831 0.5944187526436226 0.7700278827390218
0 0.39901607421814117 0.2106982407234194 0.401341152929915 0.20764220851100817 0.39884496220057547 0.19380085395023508 0.39645829830860485 0.19249871946006084 0.3905156094072643 0.1933339099186319 0.38811530199226885 0.19585466209388547 0.3900712482760319 0.2097719430599832 0.39253314087122415 0.21160935758731508 0.39901607421814117 0.2106982407234194
0 0.5288255772160946 0.23666877691384283 0.5312258846310902 0.23414802473858926 0.530172682785987 0.22665410421838278 0.5277107901907947 0.2248166896910509 0.5147449234969607 0.22663892341884226 0.5128096318243199 0.22854846915161361 0.5133225892238468 0.23611831607714473 0.5163999549678371 0.23841508423630958 0.5288255772160946 0.23666877691384283
0 0.24024957893057503 0.6686019045316679 0.2447356354246545 0.6652421666979581 0.24375766228277299 0.6582835262149093 0.24129576968758065 0.6564461116875775 0.22832990299374667 0.6582683454153687 0.226394611321106 0.6601778911481402 0.22683234001741112 0.6672124580365137 0.2305251789101995 0.6699685798275115 0.24024957893057503 0.6686019045316679
0 0.7325848954809369 0.7888195896301926 0.7353749899350656 0.7851523509752991 0.7345474741996274 0.7792642705665654 0.731470108455637 0.7769675024074008 0.7179639973162266 0.7788656625405167 0.7165689500891622 0.7806992818679633 0.7189419704581081 0.7858243030235654 0.7249462445396455 0.7893472792675802 0.7325848954809369 0.7888195896301926
0 0.4286537160374205 0.9194166227274817 0.4377626429089978 0.9175905937998052 0.44319237441081166 0.909185556415703 0.44058002440917604 0.9062775818140558 0.4270739132697656 0.9081757419471719 0.4252138503003466 0.9106205677171009 0.42611659473900654 0.9170439281629923 0.4286537160374205 0.9194166227274817
0 0.42849321831751697 0.5537178421366943 0.4308182970292907 0.550661809924283 0.42766570258207875 0.5478297617279606 0.42071775349280693 0.5493520850343387 0.4189329192266095 0.5523321908414252 0.4220102849705999 0.55462895900059 0.42849321831751697 0.5537178421366943
0 0.6233164316720605 0.5405293964018956 0.6244857927894598 0.537089936962976 0.6234325909443565 0.5295960164427695 0.6203552252003662 0.5272992482836047 0.6124020159231633 0.5295087044377895 0.6138929464645717 0.5440371918463695 0.6168950835053403 0.5457986799683766 0.6233164316720605 0.5405293964018956
0 0.8297318764108368 0.629423789753665 0.8368302829065518 0.6289720265216022 0.8433268597764936 0.6242380229922787 0.8441200773777846 0.6181221633675712 0.8416581847825924 0.6162847488402393 0.8281520736431819 0.6181829089733554 0.826292010673763 0.6206277347432843 0.8272699838156445 0.6275863752263331 0.8297318764108368 0.629423789753665
0 0.41649944963697794 0.6722159431653032 0.4134220838929875 0.6699191750061384 0.40693915054607055 0.6708302918700342 0.4050038588734298 0.6727398376028055 0.4055168162729566 0.6803096845283365 0.408594182016947 0.6826064526875014 0.41649944963697794 0.6722159431653032
0 0.473141362018501 0.4715694236286739 0.4801645398109945 0.47058238035945354 0.4824896185227683 0.4675263481470423 0.48097140093531027 0.4606436340693181 0.478509508340118 0.45880621954198625 0.4710213148052699 0.4604044692536887 0.4696262675782055 0.4622380885811356 0.4706794694233086 0.46973200910134205 0.473141362018501 0.4715694236286739
0 0.4140356637759339 0.4547669616678619 0.4210588415684273 0.4537799183986416 0.4229189045378464 0.45133509262871263 0.421038186957305 0.4379530916997725 0.4168803323221618 0.4358081763512569 0.41101287212404286 0.4371786468469857 0.4096178248969786 0.43901226617443234 0.4115737711807417 0.4529295471405301 0.4140356637759339 0.4547669616678619
0 0.25060897075136 0.5541544693844609 0.25447955409664136 0.5503353779189182 0.25365203836120315 0.5444472975101844 0.24796232261557716 0.5392425547493725 0.24364036705096587 0.5398499659919697 0.24146574574563534 0.5439765582786961 0.24175301703549718 0.5499405650927544 0.24567154203795058 0.554302526995225 0.25060897075136 0.5541544693844609