1 0.014182173213004318 0.6586160913382838 0.02513759112404553 0.8572338467156564 0.027705569648416296 0.8749615821871538 0.028405510641209143 0.8987413231983672 0.031150529061182246 0.9094231098626466 0.031079346330749973 0.9289130049622422 0.036349450250738755 0.9773522219461309 0.03843650377179606 0.9859033616928563 0.043077849429424435 0.9910729425659358 0.05930157118418555 0.9983419285748838 0.10669969967499182 0.9958578979185082 0.16418723456949622 0.9982579273701117 0.27102580460461667 0.9937413198711713 0.3312373698721559 0.9959985889402244 0.5263911034057598 0.9879361445436861 0.5832489631074255 0.9887453268262515 0.6393922784980205 0.9863442626942313 0.9591651545862339 0.9690443940343088 0.9656745377754403 0.9681619693676721 0.9720424724342603 0.9645805459584554 0.9855284774281869 0.9508829980048101 0.9905521925830977 0.9425004810119695 0.991790554921837 0.934857628303216 0.943669764884406 0.016658256077523692 0.9420143586136465 0.0059193652602241185 0.9396088166666008 0.0017151755781364742 0.8980903961721619 0.0017259343988372145 0.8311358284076593 0.006317439306606864 0.8146784873451411 0.005014802607844792 0.796239949926736 0.00760497245473486 0.7607426859590513 0.007841458182340943 0.721028421924897 0.011005359264607417 0.6996678261909162 0.00995969125443592 0.6827788378781001 0.010844805626247834 0.6692718448372349 0.013717806533063292 0.6087983705558615 0.016887087025680182 0.5961546720155921 0.01538458579134776 0.5275656860272685 0.020061746928647484 0.48928781227439433 0.01936139354177193 0.43153836836605575 0.02238791365183852 0.4071069641269739 0.0252921563403393 0.322577153444662 0.028098328953850872 0.14554346890347433 0.03791755356813713 0.046501922149315034 0.04527323048703229 0.015617714133181379 0.0501394973392018 0.009306358886515964 0.05480052024545046 0.00018610414858382106 0.05798490428870142 0 0.058189685083535905 0 0.316404080362194 0.000859555511568269 0.32101283190371205 0.0024154893458179505 0.3507018180720912 0 0.3696418906426311 0 0.3763204798765761 0.007025794505934166 0.48036796602196813 0.006890730704208359 0.5090630089228456 0.011467278360065074 0.5651165265389779 0.014182173213004318 0.6586160913382838
0 0.7639841158464064 0.28859712126884896 0.7633617423127065 0.27672152680149725 0.7604679737032081 0.2736254886929516 0.7528406886587106 0.2740252177640925 0.7455811697932175 0.2814423435659411 0.7454607093097696 0.28956789187019105 0.7483261882131906 0.29212413023022066 0.7608850176352282 0.29200723221900515 0.7639841158464064 0.28859712126884896
0 0.5840411086622765 0.6807141555488437 0.5836733424832721 0.6736967588181358 0.5808078635798509 0.6711405204581063 0.5737253846099604 0.6715116974527372 0.5721758355043712 0.6732167529278152 0.5728830781563029 0.6867117466407149 0.5762650734282537 0.6886996331757185 0.5825764286749193 0.6840386102694698 0.5840411086622765 0.6807141555488437
0 0.6894798304964991 0.30549250179162113 0.6888008775506447 0.29253730782723747 0.6859353986472236 0.28998106946720786 0.6778198869402735 0.2914889501118908 0.6774658071490686 0.30558084772632654 0.6797864799778828 0.30816563816286624 0.6863524425792437 0.3083628129932615 0.6894798304964991 0.30549250179162113
0 0.6939742260408712 0.5580358175727476 0.6965568078835198 0.5551940584476174 0.6959061446437427 0.5427786642317496 0.6930406657403214 0.5402224258717201 0.6859581867704309 0.5405936028663508 0.683892121296312 0.542867010166455 0.6845993639482437 0.5563620038793546 0.6868917470709807 0.5584069945673783 0.6939742260408712 0.5580358175727476
0 0.6755110666383022 0.39337103190403694 0.672645587734881 0.3908147935440074 0.6661079148395974 0.39115741846212815 0.6640135596594013 0.3928910260137163 0.6638930991759533 0.40101657431796617 0.6661854822986902 0.40306156500598983 0.6748458000802472 0.4015251322847969 0.6755110666383022 0.39337103190403694
0 0.7734584165908559 0.5944664038470177 0.771166033468119 0.5924214131589939 0.7635387484236213 0.5928211422301348 0.7619891993180323 0.594526197705213 0.7621516358953571 0.6080497434946227 0.766106726947992 0.6105488777016322 0.7729345985631874 0.6053195029703575 0.7734584165908559 0.5944664038470177
0 0.5670079548123269 0.48079107376753366 0.5661236722647927 0.47434202886185195 0.5632864830674489 0.4723255902503383 0.5512724597200183 0.4724139361850437 0.5491781045398222 0.47414754373663187 0.549029354350297 0.4817332922923657 0.5518948332537181 0.48428953065239544 0.5644253729696784 0.48363283289266396 0.5670079548123269 0.48079107376753366
0 0.32311462407544234 0.3615000884115102 0.3208222409527054 0.35945509772348644 0.31319495590820784 0.3598548267946273 0.31164540680261876 0.3615598822697055 0.31146836690701624 0.36860583107692335 0.31378903973583044 0.371190621513463 0.3224776472234646 0.370193988540786 0.32311462407544234 0.3615000884115102
0 0.3467630182797685 0.5729846918185613 0.3444706351570316 0.5709397011305375 0.33684335011253397 0.5713394302016784 0.33529380100694495 0.5730444856767565 0.3351450508174197 0.5806302342324903 0.33801052972084084 0.58318647259252 0.34612604142779085 0.5816785919478371 0.3467630182797685 0.5729846918185613
0 0.34896326440982245 0.2605494663234952 0.3483126011700453 0.2481340721076275 0.3459919283412311 0.24554928167108786 0.3362137087043829 0.24660301879678498 0.33113341413731767 0.2539059362925934 0.33098466394779247 0.2614916848483272 0.33385014285121367 0.26404792320835685 0.345835876492567 0.2634197775251355 0.34896326440982245 0.2605494663234952
0 0.4941298690966233 0.5495643343008607 0.5013328085499619 0.5410676090019801 0.5006748436510459 0.5389369620844262 0.4973211380851722 0.5374888752979385 0.4853636941498961 0.538656820729676 0.48329762867577736 0.5409302280297801 0.4834956566183182 0.5447088262693921 0.4865025840521258 0.5499640633720015 0.4941298690966233 0.5495643343008607
0 0.4376872532507089 0.32734890919203563 0.44026983509335726 0.3245071500669054 0.4391026554850505 0.3126601076760639 0.43678198265623636 0.3100753172395241 0.4296712139802684 0.30990669448563896 0.42760514850614967 0.3121801017857432 0.4282841014520041 0.32513529575012684 0.4306047742808182 0.3277200861866665 0.4376872532507089 0.32734890919203563
0 0.5758315923169992 0.7742449621298346 0.576036921918679 0.7677388130711329 0.5731714430152579 0.7651825747111033 0.5606409032992976 0.7658392724708347 0.5585465481191014 0.767572880022423 0.5589426040041832 0.7751300765016467 0.5612349871269202 0.7771750671896704 0.5705249801013158 0.7772294816375154 0.5758315923169992 0.7742449621298346
0 0.4271972400942251 0.20015603307783345 0.42591690166160917 0.18614979169292786 0.42365280824494944 0.1846446007534201 0.4176599414242729 0.18495867359503082 0.41504906987554707 0.18726063297164508 0.415784602233556 0.2012954264330607 0.41807698535629295 0.20334041712108436 0.4246146582515765 0.20299779220296363 0.4271972400942251 0.20015603307783345
0 0.5542775870775568 0.23788118693534005 0.5538815311924751 0.23032399045611623 0.5515891480697381 0.2282789997680926 0.5385138022791709 0.2289642496043341 0.5364194470989748 0.23069785715592225 0.5362706969094496 0.2382836057116561 0.5391361758128708 0.24083984407168574 0.5516667155288311 0.24018314631195428 0.5542775870775568 0.23788118693534005
0 0.23130518962648955 0.642365615074125 0.23093742344748508 0.6353482183434173 0.2286450403247481 0.6333032276553936 0.21556969453418087 0.633988477491635 0.21347533935398483 0.6357220850432233 0.2132982994583823 0.6427680338504411 0.2167368741424877 0.6458355198824767 0.22654338348541314 0.6453215825052955 0.23130518962648955 0.642365615074125
0 0.7096266520912171 0.8045815422620027 0.7093154653243672 0.798643745028327 0.7064499864209459 0.7960875066682973 0.6928298345557717 0.7968013085810488 0.6912802854501826 0.798506364056127 0.6931976007347762 0.8038187053117566 0.6988719791294641 0.807851582534784 0.7065275538800388 0.807991653212159 0.7096266520912171 0.8045815422620027
0 0.4016040564756433 0.9105771924324321 0.40774567348584523 0.9026773710350875 0.40539671095095364 0.8995527808500319 0.39177655908577946 0.9002665827627834 0.38971049361166077 0.9025399900628877 0.39004997008458797 0.9090175870450796 0.39237064291340207 0.9116023774816192 0.4016040564756433 0.9105771924324321
0 0.42666608662272987 0.5444394437353426 0.42377231801323145 0.541343405626797 0.41671812874941805 0.5422543823699437 0.41468035298137657 0.5450675894185639 0.4175458318847977 0.5476238277785935 0.4240835047800814 0.5472812028604728 0.42666608662272987 0.5444394437353426
0 0.6207794857601355 0.5477984502871702 0.6203834298750538 0.5402412538079464 0.6175179509716326 0.5376850154479167 0.6094024392646826 0.5391928960925997 0.6096214552541619 0.5537960413790414 0.6124586444515057 0.5558124799905549 0.6193148057727782 0.5511229050077963 0.6207794857601355 0.5477984502871702
0 0.8243078892230888 0.6578379425095926 0.8311923402504384 0.6536881672753498 0.8325155717074095 0.6476647138121437 0.8302231885846725 0.6456197231241202 0.8166030367194983 0.6463335250368717 0.8145369712453794 0.6486069323369759 0.8149047374243839 0.6556243290676836 0.8171971205471209 0.6576693197557073 0.8243078892230888 0.6578379425095926
0 0.3989421070976329 0.6617268186613874 0.3924044342023493 0.6620694435795081 0.3903100790221532 0.6638030511310964 0.39016132883262794 0.6713887996868302 0.39302680773604914 0.6739450380468599 0.40180758600105404 0.6642830570214171 0.3989421070976329 0.6617268186613874
0 0.48280393421514267 0.4689655490180936 0.48538651605779115 0.4661237898929634 0.48447394380417974 0.45913494523876563 0.4821815606814428 0.457089954550742 0.47458256534302257 0.4580294833703988 0.4730330162374334 0.45973453884547694 0.4734290721225151 0.46729173532470075 0.47572145524525206 0.46933672601272447 0.48280393421514267 0.4689655490180936
0 0.42538758205107063 0.4470756244668947 0.42745364752518944 0.44480221716679047 0.42674640487325777 0.43130722345389083 0.4227913138206226 0.42880808924688135 0.4168267367060232 0.429661961837008 0.41527718760043414 0.4313670173120861 0.4160127199584431 0.44540181077350177 0.41830510308118 0.4474468014615255 0.42538758205107063 0.4470756244668947
0 0.2510268162689456 0.5287453197868272 0.25071562950209564 0.5228075225531512 0.24550118806378296 0.5171266940080659 0.24114273946692721 0.5173551106201464 0.23861673703643324 0.5212764692423086 0.2383831177286762 0.5272428185524946 0.24190656153101342 0.5319297038300781 0.24683810590855343 0.5322125348900035 0.2510268162689456 0.5287453197868272