1 0.012448132780082988 0.5133020344287951 0.013485477178423235 0.5315597287428273 0.017634854771784232 0.5586854460093897 0.01867219917012448 0.6770996348461138 0.01970954356846473 0.7063119457485655 0.02437759336099585 0.747000521648409 0.0254149377593361 0.810641627543036 0.03060165975103734 0.8325508607198749 0.03319502074688797 0.8972352634324465 0.03475103734439834 0.9024517475221702 0.03423236514522822 0.9191444966092854 0.03734439834024896 0.9530516431924884 0.040975103734439834 0.9587897756911842 0.046161825726141074 0.9598330725091289 0.06898340248962656 0.9728742827334378 0.08298755186721991 0.9760041731872718 0.0912863070539419 0.9801773604590507 0.11618257261410787 0.9848721961398018 0.1504149377593361 0.9874804381846636 0.18931535269709543 0.9874804381846636 0.28734439834024894 0.9916536254564423 0.49429460580912865 0.9932185706833595 0.912344398340249 0.9926969222743871 0.933091286307054 0.9911319770474701 0.946058091286307 0.9874804381846636 0.9512448132780082 0.9853938445487742 0.9595435684647302 0.9786124152321337 0.9693983402489627 0.9577464788732396 0.9735477178423236 0.952529994783516 0.9745850622406639 0.9415753781950965 0.9745850622406639 0.021909233176838815 0.9719917012448132 0.018779342723004695 0.4600622406639004 0.018779342723004695 0.4024896265560166 0.020344287949921755 0.3677385892116182 0.01930099113197705 0.34647302904564314 0.021909233176838815 0.29201244813278004 0.019822639540949403 0.18049792531120332 0.018779342723004695 0.1592323651452282 0.01930099113197705 0.1467842323651452 0.021909233176838815 0.1270746887966805 0.020344287949921755 0.05497925311203319 0.02764736567553469 0.040975103734439834 0.026604068857589987 0.02074688796680498 0.029733959311424103 0.015560165975103735 0.03129890453834116 0.012966804979253111 0.03442879499217528 0.012448132780082988 0.5133020344287951
0 0.700207468879668 0.35211267605633806 0.7007261410788381 0.3604590505998957 0.7028008298755186 0.36202399582681277 0.7100622406639003 0.3615023474178404 0.7121369294605808 0.35889410537297867 0.7116182572614107 0.35211267605633806 0.7095435684647302 0.35002608242044864 0.7017634854771784 0.35054773082942103 0.700207468879668 0.35211267605633806
0 0.28112033195020747 0.8716744913928013 0.28267634854771784 0.8737610850286908 0.2909751037344398 0.8742827334376632 0.2930497925311203 0.8721961398017737 0.2930497925311203 0.8648930620761608 0.2909751037344398 0.8628064684402712 0.2842323651452282 0.862284820031299 0.2816390041493776 0.8643714136671884 0.28112033195020747 0.8716744913928013
0 0.3687759336099585 0.8221178925404278 0.37085062240663896 0.8242044861763173 0.37863070539419086 0.8242044861763173 0.3801867219917012 0.8226395409494002 0.38070539419087135 0.8153364632237873 0.379149377593361 0.8132498695878978 0.37085062240663896 0.8127282211789254 0.3692946058091286 0.8142931664058425 0.3687759336099585 0.8221178925404278
0 0.7261410788381742 0.692227438706312 0.7344398340248962 0.6932707355242567 0.7370331950207468 0.690662493479395 0.7370331950207468 0.6838810641627544 0.7344398340248962 0.6812728221178925 0.7276970954356846 0.6812728221178925 0.7256224066390041 0.6828377673448096 0.7261410788381742 0.692227438706312
0 0.29460580912863066 0.25978090766823164 0.296161825726141 0.2613458528951487 0.3034232365145228 0.26186750130412106 0.3054979253112033 0.25978090766823164 0.30497925311203317 0.24517475221700574 0.3029045643153527 0.24360980699008872 0.29668049792531115 0.24360980699008872 0.29408713692946054 0.24569640062597814 0.29460580912863066 0.25978090766823164
0 0.5373443983402489 0.4840897235263433 0.5404564315352697 0.48721961398017744 0.5461618257261411 0.48721961398017744 0.5492738589211619 0.48461137193531567 0.5492738589211619 0.47104851330203446 0.5471991701244814 0.46896191966614503 0.5383817427385892 0.47000521648408977 0.5373443983402489 0.4840897235263433
0 0.33765560165975106 0.7459572248304643 0.3386929460580913 0.7548252477829943 0.3475103734439834 0.7553468961919667 0.3495850622406639 0.752738654147105 0.3495850622406639 0.7464788732394367 0.34699170124481327 0.7438706311945749 0.33973029045643155 0.7438706311945749 0.33765560165975106 0.7459572248304643
0 0.29979253112033194 0.6280646844027127 0.3013485477178423 0.6348461137193533 0.30964730290456427 0.6364110589462703 0.3117219917012448 0.6338028169014085 0.3117219917012448 0.6207616066770997 0.30912863070539415 0.6186750130412102 0.3029045643153527 0.6186750130412102 0.30031120331950206 0.6207616066770997 0.29979253112033194 0.6280646844027127
0 0.6063278008298755 0.48982785602503914 0.6063278008298755 0.4971309337506521 0.608402489626556 0.4992175273865415 0.6167012448132779 0.4986958789775692 0.6182572614107883 0.49660928534167975 0.6177385892116182 0.48930620761606686 0.6161825726141078 0.4877412623891497 0.608402489626556 0.4877412623891497 0.6063278008298755 0.48982785602503914
0 0.387448132780083 0.42149191444966094 0.3895228215767635 0.4241001564945227 0.3962655601659751 0.4246218049034951 0.3993775933609959 0.42201356285863334 0.39834024896265563 0.41366718831507565 0.3900414937759336 0.4126238914971309 0.3879668049792531 0.41418883672404805 0.387448132780083 0.42149191444966094
0 0.6187759336099584 0.40949400104329686 0.6213692946058091 0.4121022430881586 0.6281120331950207 0.4121022430881586 0.6307053941908713 0.40949400104329686 0.6307053941908713 0.40271257172665625 0.629149377593361 0.40062597809076683 0.6213692946058091 0.40010432968179455 0.6192946058091285 0.40166927490871157 0.6187759336099584 0.40949400104329686
0 0.524896265560166 0.6218049034950444 0.5274896265560166 0.6244131455399062 0.5342323651452282 0.6244131455399062 0.5368257261410788 0.6223265519040168 0.5357883817427386 0.6134585289514868 0.5280082987551867 0.612415232133542 0.5254149377593361 0.6145018257694315 0.524896265560166 0.6218049034950444
0 0.6255186721991701 0.7788210745957225 0.6275933609958506 0.7803860198226397 0.6348547717842323 0.7803860198226397 0.6369294605809128 0.7782994261867502 0.6364107883817427 0.7642149191444967 0.6343360995850622 0.7626499739175796 0.6275933609958506 0.7626499739175796 0.6255186721991701 0.7642149191444967 0.6255186721991701 0.7788210745957225
0 0.38122406639004147 0.5466875326030256 0.3838174273858921 0.5492957746478874 0.39107883817427386 0.5492957746478874 0.39315352697095435 0.547209181011998 0.39315352697095435 0.539906103286385 0.3900414937759336 0.5372978612415232 0.3843360995850622 0.5383411580594679 0.3817427385892116 0.5419926969222744 0.38122406639004147 0.5466875326030256
0 0.28112033195020747 0.39645279081898804 0.28112033195020747 0.405320813771518 0.2816390041493776 0.40949400104329686 0.28475103734439833 0.4115805946791863 0.2930497925311203 0.403755868544601 0.2930497925311203 0.3959311424100157 0.2909751037344398 0.3938445487741263 0.2837136929460581 0.3938445487741263 0.28112033195020747 0.39645279081898804
0 0.5689834024896265 0.42097026604068855 0.5700207468879668 0.4340114762649974 0.5778008298755186 0.4366197183098592 0.5803941908713692 0.4340114762649974 0.5803941908713692 0.42097026604068855 0.5783195020746887 0.4188836724047992 0.571058091286307 0.4188836724047992 0.5689834024896265 0.42097026604068855
0 0.462655601659751 0.49608763693270735 0.462655601659751 0.5033907146583203 0.46576763485477174 0.5054773082942098 0.4683609958506224 0.502869066249348 0.4683609958506224 0.49660928534167975 0.4647302904564315 0.49400104329681793 0.462655601659751 0.49608763693270735
0 0.4917012448132779 0.5847678664580074 0.49429460580912865 0.5962441314553991 0.49636929460580914 0.5988523735002609 0.5020746887966805 0.5988523735002609 0.5072614107883817 0.5920709441836203 0.5072614107883817 0.5852895148669797 0.5015560165975104 0.5811163275952008 0.49429460580912865 0.5821596244131456 0.4917012448132779 0.5847678664580074
0 0.5025933609958506 0.5294731351069379 0.5077800829875518 0.5331246739697445 0.5119294605809128 0.5320813771517997 0.5134854771784232 0.5273865414710486 0.5124481327800829 0.522170057381325 0.508298755186722 0.5185185185185186 0.5051867219917012 0.5185185185185186 0.5025933609958506 0.522170057381325 0.5025933609958506 0.5294731351069379