1 0.02046213236382537 0.44775694888555584 0.0070296045967481735 0.5857798241088755 0.0045203637636467755 0.6607582084278292 0 0.7088374341909097 0 0.9048449148332832 0.008672211422442178 0.907441510808338 0.018406551080735394 0.9221450158899056 0.029180158558016284 0.9269605481760795 0.06838412746752766 0.9321333886366135 0.10178319465823915 0.941431627141343 0.1819490124847808 0.9503835627629093 0.23447350074026674 0.9616919640227858 0.5989501165529537 1 0.9424299541290291 1 0.9435054463191298 0.9972777447517291 1 0.4597679713532875 1 0.06874004905164872 0.503012801642684 0.016504589631471944 0.44759749031454793 0.012258711645699449 0.4169873837910799 0.012198471674911015 0.3052610829927209 0 0.06269954872233549 0 0.0202050151510386 0.4093196137319349 0.021806334446888318 0.4247468098612882 0.02046213236382537 0.44775694888555584
0 0.6380365005004258 0.6073769865710796 0.6457086788392695 0.6008170039857623 0.6464744551269447 0.5935311292944196 0.6440916381770384 0.5906498419188205 0.6313413574671889 0.5893097334153891 0.6289975174571639 0.5911680604813911 0.6275753614943387 0.6046989706224561 0.6294816150542636 0.6070040005229356 0.6380365005004258 0.6073769865710796
0 0.6576142246960075 0.22691008377830485 0.6605440247085388 0.2245871749458021 0.6612004043836888 0.21834213949607983 0.6593488491300264 0.21551668997479037 0.6524971453851203 0.21427037824795478 0.6496220436788516 0.21607286745964735 0.6483250056949328 0.22330290429668037 0.6507078226448388 0.22618419167227954 0.6576142246960075 0.22691008377830485
0 0.4104878289243084 0.8354954381558055 0.4189880160642082 0.83638884382476 0.4245741245579581 0.8343451242638054 0.4273555510180832 0.8283234402313218 0.4259805591544021 0.826074248185152 0.4116911916620836 0.8240462064979814 0.40934735165205866 0.8259045335639834 0.40858157536438355 0.8331904082553262 0.4104878289243084 0.8354954381558055
0 0.5381026444439077 0.704738087167458 0.5450637448013389 0.7049435596526732 0.5474622831176263 0.7025648129658608 0.5481186627927764 0.6963197775161385 0.5457358458428703 0.6934384901405395 0.5388294437917016 0.692712598034514 0.5358996437791704 0.6950355068670167 0.5356651291877391 0.702377219412669 0.5381026444439077 0.704738087167458
0 0.25444817680824855 0.23504781449815976 0.2602920554669297 0.23566203089556592 0.26258119717069217 0.23432412345037396 0.2645893131360236 0.22032863154280843 0.26220649618611747 0.21744734416720926 0.2515812622612427 0.21633058708101638 0.2476436371624866 0.21802140058408961 0.2462372025660427 0.226292276662743 0.2503621781570862 0.2330398528012521 0.25444817680824855 0.23504781449815976
0 0.8789771157808358 0.7526673166215031 0.8883524758209358 0.7452340083574943 0.8878369354910733 0.7399181364407731 0.8818993815862486 0.7350847252225758 0.8722272744413365 0.7351204830866227 0.8706567449261049 0.7449526180277066 0.8738832920434486 0.7500272595951658 0.8789771157808358 0.7526673166215031
0 0.3787545736178754 0.30441298823071294 0.385660975669044 0.30513888033673825 0.388004815679069 0.3032805532707361 0.3894269716418942 0.28974964312967116 0.387044154691988 0.286868355754072 0.3806690143370632 0.28619830150235626 0.377739214324532 0.288521210334859 0.3763717566679693 0.3015317008551138 0.3787545736178754 0.30441298823071294
0 0.6955814292785478 0.36139042160726753 0.6969331655687291 0.3536399651494243 0.6955581737050479 0.3513907731032545 0.6881752082638981 0.3500886235221094 0.6858860665601356 0.3514265309673014 0.6854327587436544 0.3608499219961944 0.6932922875747852 0.3627283290524595 0.6955814292785478 0.36139042160726753
0 0.36680809196482306 0.7809184915823503 0.3754880953898917 0.7749906043264625 0.3770039265988606 0.7656788890061886 0.374566411342692 0.7633180212513997 0.36819127098776716 0.762647966999684 0.3652614709752359 0.7649708758321868 0.3639487116249357 0.7774609467316312 0.36680809196482306 0.7809184915823503
0 0.4119869340812217 0.45839008237891454 0.42096368461110273 0.45985974552298875 0.4275576181910776 0.4584481212914636 0.428909354481259 0.4506976648336204 0.42747966431131523 0.4489688924082609 0.4137215585152406 0.4469966885754001 0.41137771850521565 0.44885501564140223 0.410557243911278 0.4566613099535551 0.4119869340812217 0.45839008237891454
0 0.6119476684882572 0.30366647520220924 0.6142915084982821 0.30180814813620704 0.6141588563122573 0.2928493388738146 0.6068305891773701 0.2910267696718592 0.6039554874711013 0.29282925888355177 0.6026584494871824 0.3000592957205848 0.6045100047408448 0.30288474524187425 0.6119476684882572 0.30366647520220924
0 0.3580615865799771 0.5779504373498973 0.36005398117892723 0.5692149795047432 0.35814772761900227 0.5669099496042638 0.35071006387159 0.5661282196439289 0.34895218386407123 0.5675219649434305 0.3476004475738899 0.5752724214012737 0.349983264523796 0.5781537087768729 0.3580615865799771 0.5779504373498973
0 0.5729811777122846 0.5568673991292704 0.5753797160285721 0.554488652442458 0.5766924753788724 0.5419985815430134 0.5743096584289662 0.5391172941674143 0.5679345180740414 0.5384472399156985 0.5656453763702789 0.5397851473608906 0.5636372604049473 0.553780639268456 0.5670826007473411 0.5567736023526745 0.5729811777122846 0.5568673991292704
0 0.6726677613530976 0.7378235220742033 0.6796288617105286 0.7380289945594185 0.6819727017205535 0.7361706674934163 0.6822619146182475 0.7283085353269538 0.6808322244483038 0.7265797629015943 0.6733945607008914 0.7257980329412593 0.6710507206908665 0.7276563600072615 0.6702849444031913 0.7349422346986041 0.6726677613530976 0.7378235220742033
0 0.48664459729377574 0.47886496644463816 0.4889884373038007 0.47700663937863597 0.4897542135914758 0.46972076468729335 0.4878479600315509 0.4674157347868141 0.47923837627912613 0.46756316835948003 0.47777724337641975 0.4763544640589437 0.48021475863258845 0.4787153318137327 0.48664459729377574 0.47886496644463816
0 0.2171747217178362 0.6152333269611469 0.22537816175292358 0.608729182230139 0.22522978820051737 0.6050304070301582 0.2217297495518613 0.6025578635667499 0.21476864919443014 0.6023523910815347 0.21066692917688648 0.6056044634470386 0.20958868441801765 0.6107528218008309 0.21286992984162376 0.6153070437474799 0.2171747217178362 0.6152333269611469
0 0.35537252946170683 0.6597501145936929 0.3596226230316567 0.6601968174281702 0.36447439797049425 0.6549189044337351 0.3639588576406319 0.6496030325170139 0.3609900806882195 0.6471863269079153 0.35450554372076964 0.6475571118978201 0.3521617037107446 0.6494154389638221 0.3519271891193133 0.6567571515094744 0.35537252946170683 0.6597501145936929
0 0.502237884024987 0.5247020530564607 0.5102772291412869 0.5197591671878836 0.5088632603377246 0.5127703607001125 0.5115510115517059 0.5025294818468375 0.49900380270052497 0.504367728922577 0.4964644250389497 0.5183073829758328 0.4990503138475247 0.5243670259306028 0.502237884024987 0.5247020530564607
0 0.892991334104023 0.4200231810889562 0.8968352839566356 0.4141131727650918 0.894983728702973 0.41128772324380225 0.8893039449630796 0.4091122479839656 0.8756395144131487 0.4113592389718958 0.8751472296567859 0.41604301555918755 0.8831551320403233 0.4216201978154336 0.892991334104023 0.4200231810889562