1 0.03275399650073715 0.6334214642339289 0.052302629752005315 0.7502155014929752 0.0578970149480416 0.7789058839571503 0.06887268890558303 0.8183632720967703 0.07985292422820003 0.8810585739554571 0.08840314823677217 0.9018866860355168 0.10108345059011603 0.9653690253730423 0.1034363479392163 0.970277871263337 0.10553538272899876 0.9868462431171693 0.10887453891889695 1 0.4921194580809374 1 0.5715212319319358 0.9880387519170455 0.984342534013343 0.9221261302108281 1 0.91842091676072 1 0.6231129473415729 0.9013086045763329 0 0.5806952164750084 0 0.38527444466680477 0.030951609570631256 0.3286554563442548 0.04150362881386167 0.29416905435601304 0.04590943664756173 0.27357332747283836 0.051812233433066804 0.21945683152397874 0.0582708410682228 0.10915202994648357 0.07468510368716882 0.08822988790412226 0.07852699626694601 0.07634303124403755 0.08305044351630793 0.056631333493623 0.08458801726633194 0 0.09953393544904672 0 0.45886176929755873 0.020531601951314433 0.5894081798394294 0.024412307561620588 0.6072788152235324 0.03275399650073715 0.6334214642339289
0 0.6787198127298466 0.3319976700649453 0.6858102197120063 0.3303465091013954 0.6874513466978677 0.3274458260122018 0.6858782109467996 0.32082902555159415 0.6835026498527683 0.3190926741778998 0.6758999563868974 0.3208249733494582 0.6746079083051539 0.3226140661277793 0.676425855425612 0.330776544742683 0.6787198127298466 0.3319976700649453
0 0.3520992662435142 0.9023733897298504 0.35382199701917216 0.8999879326920887 0.35267954396201867 0.8927747679720408 0.3503039828679873 0.8910384165983464 0.3435626547899454 0.8915779872510239 0.3413276375305762 0.894044582496794 0.34195780410401855 0.9013388854248504 0.3438210787143388 0.9031563750065532 0.3520992662435142 0.9023733897298504
0 0.4308417181702211 0.8391993316389561 0.4321337662519646 0.8374102388606348 0.43150359967852225 0.8301159359325784 0.429640325068202 0.8282984463508756 0.4213621375390266 0.8290814316275782 0.42007008945728314 0.8308705244058995 0.4207818598205221 0.838680053385388 0.4231574209145535 0.8404164047590823 0.4308417181702211 0.8391993316389561
0 0.7639411082266907 0.6512349607385477 0.7628802589593339 0.6445370220699317 0.7599108075917947 0.6423665828528138 0.7532510833035495 0.6434213795569231 0.7514467487380949 0.6452916105432529 0.7534279034381463 0.6544845412610204 0.7617876947571183 0.6542167820357496 0.7639411082266907 0.6512349607385477
0 0.26859129263128284 0.2955506883564841 0.27031402340694083 0.2931652313187224 0.2675168308089227 0.27882004008663497 0.265222873504688 0.27759891476437265 0.2590754357001539 0.2785725732604737 0.25684041844078476 0.2810391685062438 0.25955600724900624 0.29486913368689927 0.26133767806952973 0.29617139721717006 0.26859129263128284 0.2955506883564841
0 0.5435942042002756 0.48015566122716685 0.5462599041535593 0.4770927017219564 0.5441382056188456 0.4636968243847244 0.5417626445248143 0.4619604730110301 0.5332169818813177 0.4643702746500373 0.5343957112384056 0.47844365445471804 0.5379590528794527 0.4810481815152595 0.5435942042002756 0.48015566122716685
0 0.38933282889438936 0.7760577853304376 0.39097395588025063 0.7731571022412439 0.3899947104026905 0.7669743896240598 0.3870252590351513 0.7648039504069419 0.3798532482631949 0.7659398853190599 0.37813051748753695 0.7683253423568216 0.3805423548815028 0.7769219088151487 0.38933282889438936 0.7760577853304376
0 0.33333025150983137 0.6645093347885569 0.3349713784956927 0.6616086516993631 0.33293128375077574 0.6487280004135633 0.3300434361730332 0.6470727872478774 0.32389599836849914 0.6480464457439783 0.32166098110913 0.6505130409897484 0.32229114768257233 0.6578073439178048 0.3248888564010627 0.6642618679623956 0.33333025150983137 0.6645093347885569
0 0.6069454694109397 0.4822692754490926 0.6150604493605217 0.48045583806952585 0.6162708936524686 0.47815151923977267 0.614616154111604 0.4710194927277331 0.6128344832910804 0.46971722919746234 0.6051501860354127 0.4709343023175886 0.6034274552597549 0.4733197593553503 0.6045699083169083 0.4805329240753983 0.6069454694109397 0.4822692754490926
0 0.38575095563214584 0.44177747716976024 0.38841665558542954 0.43871451766454966 0.38608642198126036 0.4306331772576545 0.37772663066228823 0.43090093648292527 0.3759222960968336 0.43277116746925504 0.3765524626702759 0.4400654703973113 0.379009627554104 0.44231704782243764 0.38575095563214584 0.44177747716976024
0 0.6127845228959191 0.39314327295562923 0.6149379363654915 0.3901614516584271 0.6138770870981347 0.38346351298981113 0.6120138124878145 0.38164602340810844 0.6042479114423502 0.38234787047680274 0.6024435768768955 0.38421810146313246 0.6031553472401345 0.39202763044262073 0.6061247986076739 0.39419806965973864 0.6127845228959191 0.39314327295562923
0 0.5532734117914448 0.6175262915379757 0.555508429050814 0.6150596962922056 0.5530965916568482 0.6064631298338785 0.5452490868215872 0.6066497508511407 0.5430140695622181 0.6091163460969108 0.5436442361356605 0.6164106490249672 0.5466136875031997 0.6185810882420851 0.5532734117914448 0.6175262915379757
0 0.6770565227806186 0.7558380685625096 0.6787792535562767 0.7534526115247479 0.6760636647480551 0.7396226463440924 0.6737697074438205 0.73840152102183 0.6671099831555753 0.7394563177259394 0.6653056485901205 0.7413265487122691 0.6675905547044276 0.755752878152365 0.6698845120086623 0.7569740034746275 0.6770565227806186 0.7558380685625096
0 0.40013139655644014 0.5657278855420916 0.4018541273320981 0.56334242850433 0.4007116742749446 0.5561292637842821 0.3972299364236942 0.5540399627751724 0.39175799268246464 0.5559629351661292 0.3897677867924855 0.5599752085661952 0.38998993441694446 0.5646933812370916 0.3929593857844837 0.5668638204542095 0.40013139655644014 0.5657278855420916
0 0.2701691328278734 0.4447674656480928 0.27356926688932715 0.44634154060577025 0.2805417937817557 0.43731493850615566 0.27931773693480555 0.4295865477346757 0.2769421758407742 0.42785019636098137 0.2697701650688178 0.42898613127309926 0.26761675159924525 0.43196795257030135 0.26900401602578883 0.44072679544464527 0.2701691328278734 0.4447674656480928
0 0.5669281120963794 0.42522930354974964 0.5690815255659517 0.4222474822525476 0.5670414308210348 0.40936683096674764 0.5646658697270035 0.4076304795930533 0.5574938589550471 0.40876641450517115 0.555771128179389 0.41115187154293287 0.5588357958917284 0.423870246412716 0.5669281120963794 0.42522930354974964
0 0.46704593186792775 0.5107649952685916 0.46919934533750035 0.5077831739713895 0.46822009985994023 0.5016004613542056 0.46422607552497847 0.49959229855310455 0.46250334474932064 0.5019777555908662 0.46364579780647414 0.5091909203109142 0.46704593186792775 0.5107649952685916
0 0.5118779127804922 0.5982033042024224 0.5175130641013151 0.5973107839143298 0.52157507967107 0.5898014631656296 0.5205142304037131 0.5831035244970135 0.5142262487645168 0.5798742363736502 0.5072174455721539 0.5820406233886322 0.5050640321025812 0.5850224446858342 0.5094207478966642 0.595951726777296 0.5118779127804922 0.5982033042024224
0 0.5168012221978525 0.5298202233788742 0.517603647540816 0.524939774291961 0.5157630366754269 0.5199497901936578 0.5110935182771608 0.5169923134977013 0.5080197993748937 0.5174791427457517 0.5060295934849146 0.5214914161458177 0.5071720465420682 0.5287045808658657 0.5128661379077566 0.5314997811458056 0.5168012221978525 0.5298202233788742