1 0.021000527414032397 0.556968483823607 0.03896066576845326 0.6944755029805045 0.05338220322089069 0.7680966525378646 0.06630431011063007 0.8645721981313587 0.07660065767708701 0.9002130874281867 0.0880322751145649 0.9757830010793619 0.09465599931672149 1 0.4232355611463423 1 0.7740739003703291 0.9569224685704786 0.8332656858094232 0.948072983108637 0.8757659864426024 0.9391640901759825 0.9519243727644545 0.9282313680747368 0.9755923376052749 0.923743659326648 1 0.9168594424967693 1 0.5264013916478492 0.935366036267841 0 0.6239965683823733 0 0.394172781398947 0.028218812769802693 0.33922264618054215 0.03654748907179313 0.30938352365924515 0.04337456878358541 0.18047962565561848 0.058674761272752375 0.0619047371268725 0.07481557497250861 0.011917776057300888 0.08411649819359335 0 0.08501871832938945 0 0.42202584239146645 0.012103481029776394 0.5195741338679077 0.017134122650682915 0.5342457134959778 0.021000527414032397 0.556968483823607
0 0.6586532002767584 0.5735734650361979 0.664653066182777 0.5654557497731153 0.6637602504801752 0.5581843493947904 0.660790356341315 0.5559129264131528 0.6480654056792468 0.5574753538927061 0.6461996707696455 0.5598133014378671 0.6478577570744773 0.5733173307118988 0.6502336723855655 0.575134469097209 0.6586532002767584 0.5735734650361979
0 0.5921427177433752 0.19845387461391478 0.594474886380377 0.19553144018246327 0.593709615778147 0.18929881128675635 0.5912699279168729 0.18696228716013744 0.5843134737580667 0.18728921630358647 0.5819175325708793 0.189692264993729 0.582280141995895 0.19702876651703508 0.585250036134755 0.19930018949867273 0.5921427177433752 0.19845387461391478
0 0.48825207261061676 0.8470325690711084 0.49673537305199567 0.8459909507514063 0.5017185730769281 0.842743010595048 0.5030741275850427 0.8362499771194155 0.5012284185515409 0.834367737589124 0.48684907650652826 0.8356060827623125 0.4849833415969269 0.8379440303074736 0.4858761572995287 0.8452154306857983 0.48825207261061676 0.8470325690711084
0 0.5831821247079649 0.6909194332164147 0.5900110337663994 0.6895537325903478 0.591812996125815 0.6866963993038777 0.5910477255235849 0.6804637704081709 0.5880778313847247 0.6781923474265333 0.5811851497761044 0.6790386623112912 0.5788529811391028 0.6819610967427426 0.5802760031192907 0.6891673959760859 0.5831821247079649 0.6909194332164147
0 0.20114038064917028 0.2970756633706252 0.20697264970261822 0.2963595507758299 0.20890215716240537 0.29454098897197767 0.20771050458497378 0.2804524728116558 0.20474061044611366 0.2781810498300182 0.19413648489439017 0.2794830727296458 0.1906801311520303 0.28201632370975105 0.19117028567741762 0.290391596715675 0.19670741277792334 0.29603831530654945 0.20114038064917028 0.2970756633706252
0 0.9261017361277369 0.6609401678985095 0.9335646757661422 0.6515883777178648 0.9318665377091115 0.6465247225947385 0.9249938819765905 0.6431508504040437 0.915577714080411 0.6453614424963265 0.9162591862563557 0.6552948727261773 0.920544583151132 0.6595136363830876 0.9261017361277369 0.6609401678985095
0 0.33786458152766874 0.3367001571702396 0.344757263136289 0.33585384228548165 0.3466229980458904 0.33351589474032045 0.3449649117410584 0.3200118654662888 0.3419950176021983 0.3177404424846513 0.33563254227116424 0.31852165622442785 0.33330037363416254 0.3214440906558792 0.3348946873888087 0.334428734188602 0.33786458152766874 0.3367001571702396
0 0.6593883191153237 0.32094672739532976 0.6589619371401222 0.31309084013071475 0.6571162281066203 0.3112086006004232 0.649629567670228 0.31160063088885365 0.6477000602104408 0.3134191926927059 0.6493781723913721 0.3227030348912848 0.6574588116555365 0.3227652891991819 0.6593883191153237 0.32094672739532976
0 0.4334147028050334 0.8036802289850493 0.4405387538164101 0.7959516971733128 0.4399210541906511 0.7865376526847712 0.4370149326019768 0.7847856154444424 0.4306524572709427 0.7855668291842189 0.4283202886339411 0.7884892636156705 0.42985082983840134 0.8009545214070842 0.4334147028050334 0.8036802289850493
0 0.4048825084187483 0.47925517384629995 0.4139597876878991 0.47866784012292535 0.42006717281818995 0.47580908341791306 0.4196407908429884 0.4679531961532981 0.41785885435967235 0.46659034236431546 0.4040097185922459 0.4677635863925227 0.40214398368264453 0.47010153393768367 0.40310057193543225 0.4778923200573173 0.4048825084187483 0.47925517384629995
0 0.5649130235911488 0.2835157446654921 0.5667787585007501 0.281177797120331 0.5646342125924184 0.27247844180804226 0.5570837796058402 0.2723510863551638 0.5546878384186528 0.27475413504530644 0.5550504478436683 0.28209063656861255 0.5574901357049422 0.28442716069523144 0.5649130235911488 0.2835157446654921
0 0.37923449198884357 0.6078817684413863 0.37921077119085655 0.5989220085491721 0.3768348558797684 0.5971048701638619 0.369411967993562 0.5980162861936014 0.368012666811361 0.5997697468524722 0.3684390487865625 0.6076256341170871 0.37140894292542254 0.6098970570987249 0.37923449198884357 0.6078817684413863
0 0.5839030562475443 0.5389926985001197 0.5857050186069598 0.5361353652136496 0.5841744774024995 0.5236701074222359 0.5812045832636394 0.5213986844405982 0.5748421079326054 0.5221798981803747 0.5729126004728182 0.5239984599842271 0.5741042530502497 0.5380869761445488 0.5781345597442822 0.5402281968362238 0.5839030562475443 0.5389926985001197
0 0.7217409498543026 0.6928863256433202 0.7285698589127371 0.6915206250172533 0.7304355938223385 0.689182677472092 0.7289487992919645 0.6814569924974399 0.7271668628086486 0.6800941387084574 0.719743974922442 0.6810055547381967 0.7178782400128407 0.6833435022833578 0.7187710557154425 0.6906149026616826 0.7217409498543026 0.6928863256433202
0 0.48223254731803183 0.4824109679053761 0.484098282227633 0.48007302036021493 0.4832054665250312 0.4728016199818902 0.4808295512139432 0.47098448159658013 0.4724737958729361 0.47306487139889997 0.47302772294850925 0.48195953014613285 0.4759338445371835 0.48371156738646154 0.48223254731803183 0.4824109679053761
0 0.2503453736727671 0.6759017488012206 0.2568754458563718 0.6677189323931565 0.2558988317274847 0.6641483333489756 0.2519322975836381 0.6625264983986096 0.24510338852520364 0.6638921990246764 0.2418383524334013 0.6679836072287084 0.2419458716576736 0.673242565786779 0.24616749600226356 0.6769419437023806 0.2503453736727671 0.6759017488012206
0 0.39501527887128307 0.6881898314907807 0.39925692909197247 0.6876690223309296 0.4027970812606177 0.6814349700166805 0.40109894320358686 0.6763713148935542 0.3976626153373264 0.6746843787982069 0.39142768510666404 0.6765043640206013 0.3895619501970627 0.6788423115657624 0.39098497217725064 0.6860486107991057 0.39501527887128307 0.6881898314907807
0 0.5077372800819174 0.5235655266660317 0.5144586699160796 0.5169408674818944 0.5115088016533189 0.5104492574248043 0.5118239694823605 0.49986623916368184 0.5000118603989935 0.5044798799461071 0.5006733066988389 0.5186334972514104 0.5045560424164004 0.52395613353592 0.5077372800819174 0.5235655266660317
0 0.8649281219338653 0.33366916682162717 0.8673440889971522 0.32704593105603197 0.8649044011358781 0.324709406929413 0.8588808144318728 0.32386736230028146 0.8460720653435194 0.32913059111397835 0.846646018295192 0.33380506278575856 0.8557032716882433 0.3374379161378366 0.8649281219338653 0.33366916682162717