0 0.6751103353287938 0.31567231653604677 0.6770167936413096 0.3107151038242507 0.675192396285271 0.3070633197354832 0.6680031711737252 0.30577744241021265 0.6635914150300716 0.30938473103239433 0.663264431559396 0.31406081251798723 0.670371910803273 0.3165157102146561 0.6751103353287938 0.31567231653604677
0 0.3663532457152591 0.299564021724547 0.36357577674736674 0.29467085577709473 0.353499773088895 0.2974904827620683 0.35251913776567656 0.3040787507896817 0.36447403602529954 0.30413156097921024 0.3663532457152591 0.299564021724547
0 0.3765892751321767 0.37624609471759585 0.3784412361995799 0.3720682289200653 0.3737576240079802 0.3646922992552437 0.36716755350386443 0.3622735823022181 0.35883451642257075 0.36247403731819217 0.3577448866091272 0.37062099917433655 0.36152992443398585 0.375976200066208 0.3765892751321767 0.37624609471759585
0 0.6557438117338574 0.42161068668662455 0.6613538770923715 0.41573771880893284 0.6575688392675129 0.4103825179170614 0.6523675032473434 0.4104103839377619 0.6459133607672007 0.41348327612823804 0.6461310346588427 0.41780586490034144 0.6520947019329719 0.42174709493825474 0.6557438117338574 0.42161068668662455
0 0.7493399812967353 0.43637872462947797 0.7526079254706411 0.4342577683485408 0.7523902515789991 0.4299351795764374 0.7493947936306562 0.4281594012860471 0.7442479548555994 0.42740792039248215 0.7389103757226485 0.42938415369884647 0.7371129119003578 0.4327826725821115 0.7400266239810316 0.43572747124390004 0.7493399812967353 0.43637872462947797
0 0.8808134626419479 0.5117490744630782 0.88410865543841 0.5092384447250082 0.8800241978542405 0.5007296754324316 0.8733251328598992 0.499869652307937 0.8700026914408812 0.5027699555031397 0.8701658680874106 0.5078718911895086 0.8766741927238574 0.5114596285139323 0.8808134626419479 0.5117490744630782
0 0.6484706351329842 0.47357366473690965 0.6508400049401488 0.4694319796830223 0.6502139167989707 0.4635145163387448 0.64411400641206 0.4615216535864953 0.6392938360188702 0.46353406763650273 0.637932035068672 0.46813778763480923 0.64435861383745 0.4728945453306312 0.6484706351329842 0.47357366473690965
0 0.5765508203061608 0.4685445413705023 0.5759247321649826 0.46262707802622477 0.5703967277629458 0.45989104910335293 0.5667748665846166 0.45963778389785037 0.5622268673281816 0.4651934398056957 0.5630709444498102 0.46799351549291135 0.5686261974744032 0.4703398709586505 0.5765508203061608 0.4685445413705023
0 0.41383829315167464 0.4830107782682225 0.4103526750861269 0.4808091457770562 0.4035173669790046 0.4818974899382253 0.40449737212460624 0.4901891747689426 0.41261273531425796 0.48566613098086525 0.41383829315167464 0.4830107782682225
0 0.5636137112792776 0.512279881354414 0.5684338816724672 0.5102674673044064 0.5672903847915277 0.5043138232164857 0.5632873579862188 0.5020760099816762 0.5570512044865266 0.5020315145150903 0.5562613095212023 0.5058920683427746 0.5595016899837434 0.5116007619481355 0.5636137112792776 0.512279881354414
0 0.4658494477317111 0.5348119530653743 0.467184000059353 0.5305979065242006 0.46451552558168585 0.5241460467482174 0.45680889173037864 0.5228239886793037 0.453540947556473 0.5249449449602408 0.45373137282555864 0.529657207189477 0.45906863686970134 0.535120950312278 0.4658494477317111 0.5348119530653743
0 0.5150013874761863 0.5828889822864722 0.5196035688889256 0.5839939558935267 0.5259487168788429 0.5824797575315815 0.5225179111472161 0.5720588016969844 0.5148385259184652 0.570347070170938 0.5110259243822418 0.5728215191653646 0.5107261895341225 0.5771079271938249 0.5150013874761863 0.5828889822864722
0 0.5295151355456345 0.6058322989388457 0.5309041851183889 0.6008389054834063 0.5285623790225891 0.5971509406509956 0.5171793867478401 0.5963549642908448 0.5168524032771645 0.6010310457764377 0.5216722585815458 0.6064586081555956 0.5295151355456345 0.6058322989388457
0 0.4525856703229607 0.5757833981057136 0.45680668610872016 0.574903823683461 0.45977521052331494 0.5696292990018187 0.4579508131672763 0.5659775149130511 0.4528857202598884 0.564057013648088 0.44757538974949374 0.5656435734973195 0.44626808604440804 0.5694679465813606 0.44858264351765165 0.5735455848709041 0.4525856703229607 0.5757833981057136
0 0.6864531603398436 0.6218969999491097 0.6909466623511662 0.6171206909555298 0.678365675950365 0.6111504174217237 0.669814649888621 0.6144682600947596 0.6684528489384227 0.6190719800930661 0.6759142451867233 0.6239010992761745 0.6864531603398436 0.6218969999491097
0 0.450214409982946 0.6245649417345931 0.453237116553845 0.6259510465678504 0.4542719340333677 0.6260234080551369 0.45694072359984306 0.6250352914019548 0.46246904309068826 0.6203313438956612 0.4617067118367286 0.6163622478370474 0.4592014140055908 0.6150123237474331 0.4555795528272616 0.6147590585419305 0.4508683769242972 0.6152127787634072 0.44923440483734434 0.6162732569038758 0.44809059286759645 0.6177595892451203 0.44740969239249734 0.6200614492442735 0.4487439296313309 0.6232873791322652 0.450214409982946 0.6245649417345931
0 0.3357314655605296 0.6036374118167747 0.3338798195819347 0.6003753011851398 0.32407630214902594 0.599298193598786 0.3249745614269587 0.6087588988009015 0.33415167562988096 0.611358519472143 0.3357314655605296 0.6036374118167747
0 0.2662618211421145 0.6156175123125778 0.26917584831159674 0.611122334545201 0.2676511858036774 0.6031841424279734 0.2598900547072576 0.602641431273325 0.2591546569870459 0.6057226381867438 0.258800424893814 0.6107883931294694 0.2626672085863416 0.6149745736499426 0.2662618211421145 0.6156175123125778
0 0.45298935824037134 0.688977919115368 0.4550320596656687 0.6820723391179083 0.4526357563247562 0.679163721199763 0.44642685144762045 0.6787295522760444 0.44255975266628456 0.6819833481847366 0.44179710632351643 0.685454228555288 0.44462907253652145 0.6895680475884747 0.45298935824037134 0.688977919115368
0 0.41695581521642266 0.8176371285853898 0.42087741124287126 0.8136039857624322 0.42131338920377204 0.8073692104483083 0.4157581361791789 0.8050228549825691 0.40993039692902294 0.8065732340881574 0.40993008184021457 0.8140132105173228 0.4128437939208884 0.8169580091791113 0.41695581521642266 0.8176371285853898
0 0.752346618338408 0.8172036273501684 0.757275783221823 0.81363251947163 0.7505225360711777 0.8061118668322355 0.7463832661530871 0.8058224208830896 0.741508598514785 0.8086141818473628 0.7406369576817917 0.8136437560464452 0.7450211501140807 0.8178661173105615 0.752346618338408 0.8172036273501684
0 0.6729954916851156 0.7399959234810317 0.6783603194406229 0.7376300167175346 0.6772168225596834 0.7316763726296138 0.6732410443769308 0.7290488859376717 0.6654799132805109 0.7285061747830234 0.6616945603668439 0.7305909503203173 0.6628653058703396 0.7361549209511054 0.6683933102723765 0.7388909498739772 0.6729954916851156 0.7399959234810317
0 0.8211153607017598 0.6367956024398481 0.8249552108605396 0.6339314799882887 0.8262625145656252 0.6301071069042478 0.8218238248882235 0.6266640925543968 0.817684554970133 0.6263746466052511 0.813327296071592 0.6292025883131673 0.8124829038611553 0.6338424890551171 0.8144435443299753 0.6355459058582209 0.8211153607017598 0.6367956024398481
1 0.030394468659137468 0.8509092714314939 0.040824074233224386 0.8579038423621252 0.0727671729856447 0.8620954157536687 0.20124771709298134 0.8761701758635556 0.5731280427797804 0.9115724742578589 0.7561544935425059 0.926328824793222 0.9161155399964226 0.9363396542075784 0.9244758257002725 0.9357495257344717 0.9401073974721458 0.9278362777860718 0.9451183082232296 0.9230961495361351 0.9489312248482612 0.9131817241125431 1 0.4531605084406138 1 0.24111264590868245 0.9867310510212066 0.23134508691528569 0.9790516657924556 0.2296333553892392 0.7500575830586416 0.21048789829823145 0.10792608839228768 0.16597726889412998 0.08600418096441827 0.16718539186104406 0.07108075829020047 0.1724071063531578 0.06669593568029486 0.1830646979473721 0.03658746811081798 0.5838939623623925 0.027508635378636605 0.8326948464542419 0.030394468659137468 0.8509092714314939