0 0.649896265560166 0.303125 0.6571576763485477 0.305078125 0.6618257261410788 0.30390625 0.6633817427385892 0.298828125 0.6613070539419087 0.2953125 0.654045643153527 0.29453125 0.649896265560166 0.2984375 0.649896265560166 0.303125
0 0.3392116182572614 0.31484375 0.35114107883817425 0.3140625 0.3526970954356846 0.309375 0.3495850622406639 0.3046875 0.33973029045643155 0.308203125 0.3392116182572614 0.31484375
0 0.34906639004149376 0.380859375 0.35321576763485474 0.3859375 0.36825726141078835 0.38515625 0.3698132780082987 0.380859375 0.3646265560165975 0.373828125 0.35788381742738584 0.371875 0.3495850622406639 0.37265625 0.34906639004149376 0.380859375
0 0.6400414937759336 0.4078125 0.6462655601659751 0.411328125 0.649896265560166 0.4109375 0.6550829875518672 0.4046875 0.6509336099585062 0.399609375 0.645746887966805 0.4 0.6395228215767634 0.403515625 0.6400414937759336 0.4078125
0 0.7318464730290456 0.41640625 0.7349585062240663 0.419140625 0.7442946058091285 0.419140625 0.7474066390041494 0.416796875 0.7468879668049793 0.4125 0.7437759336099584 0.4109375 0.7385892116182572 0.410546875 0.733402489626556 0.412890625 0.7318464730290456 0.41640625
0 0.8698132780082988 0.48203125 0.8765560165975103 0.48515625 0.8807053941908712 0.48515625 0.883817427385892 0.482421875 0.879149377593361 0.47421875 0.8724066390041493 0.473828125 0.8692946058091285 0.476953125 0.8698132780082988 0.48203125
0 0.6353734439834025 0.45859375 0.642116182572614 0.462890625 0.6462655601659751 0.46328125 0.6483402489626556 0.458984375 0.6473029045643154 0.453125 0.6410788381742738 0.4515625 0.6364107883817427 0.45390625 0.6353734439834025 0.45859375
0 0.5606846473029046 0.463671875 0.5663900414937759 0.465625 0.5741701244813278 0.46328125 0.5731327800829875 0.457421875 0.5674273858921162 0.455078125 0.5637966804979253 0.455078125 0.5596473029045643 0.4609375 0.5606846473029046 0.463671875
0 0.404045643153527 0.496875 0.4118257261410788 0.491796875 0.41286307053941906 0.4890625 0.4092323651452282 0.487109375 0.4024896265560166 0.488671875 0.404045643153527 0.496875
0 0.5565352697095436 0.501953125 0.5601659751037344 0.507421875 0.5643153526970954 0.5078125 0.5689834024896265 0.50546875 0.5674273858921162 0.499609375 0.5632780082987552 0.49765625 0.5570539419087137 0.498046875 0.5565352697095436 0.501953125
0 0.4559128630705394 0.5328125 0.46161825726141076 0.537890625 0.4683609958506224 0.537109375 0.46939834024896265 0.5328125 0.46628630705394186 0.5265625 0.45850622406639 0.52578125 0.4553941908713693 0.528125 0.4559128630705394 0.5328125
0 0.5160788381742738 0.571875 0.5160788381742738 0.576171875 0.520746887966805 0.581640625 0.5254149377593361 0.582421875 0.5316390041493776 0.58046875 0.5274896265560166 0.5703125 0.5197095435684648 0.569140625 0.5160788381742738 0.571875
0 0.5238589211618258 0.599609375 0.529045643153527 0.6046875 0.5368257261410788 0.603515625 0.5378630705394191 0.5984375 0.5352697095435685 0.594921875 0.5238589211618258 0.594921875 0.5238589211618258 0.599609375
0 0.4512448132780083 0.573046875 0.4538381742738589 0.576953125 0.4579875518672199 0.57890625 0.4621369294605809 0.577734375 0.4647302904564315 0.572265625 0.462655601659751 0.56875 0.4574688796680498 0.5671875 0.45228215767634855 0.569140625 0.4512448132780083 0.573046875
0 0.6763485477178424 0.60703125 0.6841286307053942 0.611328125 0.6945020746887967 0.60859375 0.6986514522821576 0.603515625 0.6856846473029046 0.5984375 0.6773858921161826 0.60234375 0.6763485477178424 0.60703125
0 0.4559128630705394 0.6234375 0.4574688796680498 0.6265625 0.45902489626556015 0.627734375 0.4621369294605809 0.62890625 0.4631742738589211 0.62890625 0.46576763485477174 0.627734375 0.470954356846473 0.62265625 0.4699170124481328 0.61875 0.4673236514522821 0.617578125 0.46369294605809125 0.617578125 0.45902489626556015 0.618359375 0.4574688796680498 0.61953125 0.45643153526970953 0.62109375 0.4559128630705394 0.6234375
0 0.3329875518672199 0.620703125 0.34232365145228216 0.62265625 0.3433609958506224 0.61484375 0.3412863070539419 0.61171875 0.33143153526970953 0.611328125 0.3329875518672199 0.620703125
0 0.2671161825726141 0.62734375 0.2712655601659751 0.63125 0.274896265560166 0.631640625 0.2774896265560166 0.626953125 0.2754149377593361 0.619140625 0.2676348547717842 0.619140625 0.2671161825726141 0.622265625 0.2671161825726141 0.62734375
0 0.45487551867219916 0.6890625 0.4579875518672199 0.69296875 0.46628630705394186 0.691796875 0.46784232365145223 0.684765625 0.4652489626556016 0.68203125 0.45902489626556015 0.68203125 0.4553941908713693 0.685546875 0.45487551867219916 0.6890625
0 0.43205394190871366 0.81953125 0.4351659751037344 0.822265625 0.4393153526970954 0.82265625 0.44294605809128634 0.818359375 0.44294605809128634 0.812109375 0.4372406639004149 0.81015625 0.43153526970954353 0.812109375 0.43205394190871366 0.81953125
0 0.7619294605809128 0.79609375 0.7665975103734439 0.8 0.7738589211618258 0.798828125 0.7785269709543569 0.794921875 0.771265560165975 0.787890625 0.767116182572614 0.787890625 0.7624481327800829 0.791015625 0.7619294605809128 0.79609375
0 0.678941908713693 0.72421875 0.6846473029045643 0.7265625 0.6893153526970954 0.72734375 0.6945020746887967 0.724609375 0.6929460580912863 0.71875 0.6887966804979253 0.71640625 0.6810165975103735 0.71640625 0.6773858921161826 0.71875 0.678941908713693 0.72421875
0 0.821058091286307 0.61171875 0.8231327800829875 0.61328125 0.8298755186721991 0.6140625 0.83350622406639 0.6109375 0.8345435684647302 0.60703125 0.8298755186721991 0.60390625 0.8257261410788381 0.60390625 0.8215767634854771 0.60703125 0.821058091286307 0.61171875
1 0.043568464730290454 0.616015625 0.051867219917012444 0.86484375 0.056016597510373446 0.8828125 0.06690871369294606 0.8890625 0.09906639004149377 0.891015625 0.22821576763485477 0.89609375 0.6016597510373444 0.90546875 0.7852697095435685 0.907421875 0.9455394190871369 0.90625 0.9538381742738589 0.905078125 0.9688796680497924 0.89609375 0.9735477178423236 0.891015625 0.9766597510373444 0.880859375 0.995850622406639 0.41015625 0.9994813278008298 0.21875 0.9668049792531119 0.198046875 0.9590248962655601 0.196875 0.729253112033195 0.19375 0.08558091286307054 0.194140625 0.0637966804979253 0.196875 0.049273858921161824 0.203125 0.04564315352697095 0.2140625 0.043568464730290454 0.616015625