0 0.6685707194626045 0.3096733414100646 0.6703030121835383 0.3046526140627221 0.6683522807743112 0.30106672509166466 0.6611225586729839 0.30003253142619135 0.656839382609346 0.3037915906545977 0.6566757912185531 0.3084762351562498 0.6638646154721822 0.31068158994713607 0.6685707194626045 0.3096733414100646
0 0.3594395449440682 0.3043503263673737 0.3564929989063785 0.29955707347349403 0.34652153683975534 0.3027266302743453 0.3457714261313848 0.3093451085863144 0.35772088483903386 0.3089806666729119 0.3594395449440682 0.3043503263673737
0 0.37234550460199506 0.3806284544385531 0.37405053209112993 0.37638850117481926 0.369112356796515 0.3691805204352951 0.3624418887809663 0.36699326704311336 0.35412092373988036 0.36748441874744825 0.35331628256791225 0.37566444522663456 0.3572859084658634 0.3808842879597279 0.37234550460199506 0.3806284544385531
0 0.6529131892303147 0.41622305869424603 0.6583148734655099 0.4101578800124228 0.6543452475675586 0.4049380372793296 0.6491480525708548 0.4051474103340877 0.6428050841707947 0.4084436769258713 0.6431734816339816 0.41275603578442366 0.6492710629478522 0.4164867359451181 0.6529131892303147 0.41622305869424603
0 0.7469677396270678 0.4277156411363772 0.750159672750947 0.4254819272777789 0.74979127528776 0.4211695684192267 0.7467356683228751 0.4194994118597816 0.7415657385579701 0.4189280108309311 0.7363003804817692 0.4210893190947109 0.7346226182244331 0.4245484982748362 0.7376373273416198 0.4273898159596941 0.7469677396270678 0.4277156411363772
0 0.8809915181552235 0.49845171906062385 0.8841970838950021 0.4958276181602213 0.8798181626861659 0.4874665776939887 0.8730931642070194 0.4868408724690244 0.8698739658513415 0.48985536041123134 0.8702150980827297 0.4949484933533923 0.8768446682505798 0.498306907870987 0.8809915181552235 0.49845171906062385
0 0.6474579250332302 0.46840821250509457 0.6496813087604455 0.46418636064006524 0.6488490855227758 0.45829435221559106 0.6426833411294081 0.4565155872639183 0.6379363392912876 0.4586949969264027 0.6367360354243338 0.4633434386306455 0.6433247077444859 0.46787301427365324 0.6474579250332302 0.46840821250509457
0 0.5754064079400485 0.4658921180851527 0.5745741847023786 0.46000010966067845 0.5689540617788904 0.45745867202410173 0.5653255681123273 0.45733196223316935 0.5609742289691925 0.4630429566705974 0.5619155131340574 0.465811868760637 0.5675492686734451 0.46796291935540957 0.5754064079400485 0.4658921180851527
0 0.413297865247669 0.486028127847103 0.409737534660603 0.48394948284714906 0.4029443731019596 0.48527571283120635 0.4042131568823132 0.49352814490521124 0.41216572446021216 0.4887246343423241 0.413297865247669 0.486028127847103
0 0.5640035212039868 0.5100523142754592 0.5687505230421072 0.5078729046129746 0.5673999435663571 0.5019627947897958 0.5633212567412105 0.49986604839113724 0.5570873492683459 0.5000392186484862 0.5564326668712712 0.5039249876678249 0.5598703039152426 0.509517116044018 0.5640035212039868 0.5100523142754592
0 0.46708517096664864 0.5359825836504302 0.46827184221770307 0.5317245289879917 0.4653798266436109 0.5253697279268946 0.45763174830420306 0.5243174328627168 0.45443981518032395 0.5265511467213151 0.45479458002761153 0.5312538926216717 0.46031927463980393 0.5365280395508789 0.46708517096664864 0.5359825836504302
0 0.5178850328002402 0.5823149476852906 0.5225229737111653 0.5832586343572407 0.5288114116476277 0.5815239159326745 0.5250190097563688 0.5712290416561249 0.5172845640328606 0.5697863595501426 0.5135606420550014 0.5723923590518406 0.5134106832801079 0.5766866165116883 0.5178850328002402 0.5823149476852906
0 0.5331906496903667 0.6047377653861764 0.53440458617322 0.5996989366401293 0.5319354985259125 0.5960949462703671 0.5205316612881428 0.5956967154988656 0.5203680698973497 0.6003813600005177 0.5253744082714618 0.6056374055310202 0.5331906496903667 0.6047377653861764
0 0.4552593563038023 0.5773919691494015 0.4594471040561441 0.5763656192136255 0.46222974186913807 0.570990707621888 0.46027901045991104 0.5674048186508305 0.45514997854270434 0.565662256496567 0.44989825308240283 0.5674331777185424 0.4487252144472477 0.5713008453391766 0.4511806694786558 0.575295222750743 0.4552593563038023 0.5773919691494015
0 0.6905937220601291 0.6153156221358362 0.6949177959714652 0.6103854017820167 0.6821361140261465 0.604857835270945 0.6737060880578652 0.6084720833097145 0.6725057841909113 0.6131205250139573 0.6801311689872245 0.6176863034543741 0.6905937220601291 0.6153156221358362
0 0.4545919917925364 0.6262265521723526 0.4576612313733207 0.6275063216899933 0.4586979438494817 0.6275425244874026 0.4613306228875822 0.6264618703555127 0.466691409275079 0.6215678527991024 0.4657910229579123 0.6176277795836499 0.46324013961520816 0.6163661114647138 0.4596116459486451 0.6162394016737814 0.4549191745741223 0.6168572631690485 0.45332320801218284 0.6179741200983477 0.4522319650724242 0.6194994654681558 0.45163181313894735 0.6218236863202773 0.45307782092599336 0.6250010868508258 0.4545919917925364 0.6262265521723526
0 0.3394484270252781 0.60930716788168 0.33748406300015166 0.6061116659524269 0.3276489270925226 0.6053773523352348 0.32887681302517796 0.6148009455346528 0.33813906223112894 0.6170787059203575 0.3394484270252781 0.60930716788168
0 0.2704392011149847 0.623704426050257 0.2731945736961799 0.619110288542128 0.2713938010618464 0.611230142111223 0.2636184574906397 0.6109586211306537 0.26299104032536397 0.6140636160663837 0.2628138163186716 0.61913864760984 0.266824340064321 0.6231873292175203 0.2704392011149847 0.623704426050257
0 0.45961323011815863 0.6905034466101281 0.46141368591858933 0.683530784053764 0.4589173330394831 0.6807075677676104 0.45269705818251776 0.680490350983155 0.44894587097285993 0.6838771245684618 0.4483048211916848 0.6873725065459961 0.4512786324611732 0.6913849853562672 0.45961323011815863 0.6905034466101281
0 0.4280917794116717 0.82034183288194 0.4318702318531284 0.8161742852130246 0.4320883537075191 0.8099280925441553 0.42645459816813114 0.8077770419493827 0.42068451646974925 0.8095298617726536 0.42094385300574083 0.8169653169656407 0.4239585621229276 0.8198066346504987 0.4280917794116717 0.82034183288194
0 0.7632631425434223 0.8082036254963534 0.7680646748451404 0.8044626676666515 0.7610530745982036 0.7971822813323088 0.7569062246935601 0.7970374701426719 0.7521319576236408 0.7999976538887651 0.7514363773788679 0.8050545840335168 0.7559652573625978 0.8091213670399016 0.7632631425434223 0.8082036254963534
0 0.6812658444459028 0.7338122688573077 0.686544835138003 0.7312605735517235 0.685194255662253 0.7253504637285446 0.6811292014530059 0.7228633302880817 0.6733538578817992 0.7225918093075123 0.6696435685198397 0.7248074217674061 0.6710077806114892 0.7303271445487806 0.6766279035349776 0.7328685821853573 0.6812658444459028 0.7338122688573077
0 0.8256938435765331 0.6255055057830018 0.8294313981702917 0.6225091192394995 0.8306044368054467 0.6186414516188654 0.8260482915899179 0.6153554426960891 0.8219014416852743 0.6152106315064522 0.8176455308534354 0.61818891665125 0.8169635832245621 0.6228554597541973 0.8189824777132865 0.6244894135162331 0.8256938435765331 0.6255055057830018
1 0.04292709662171386 0.8670845036770958 0.053594455767012675 0.873710825718762 0.08566437944850301 0.8767850476474699 0.21455785872384117 0.8863673274683759 0.5874471673601749 0.9087696235390037 0.7708771125611549 0.9171294538894598 0.9310900879757102 0.9215516249637734 0.9394246856326955 0.9206700862176342 0.9547705667027149 0.9122161248185684 0.9596129968521314 0.9073040058634536 0.963077582293999 0.8972625511687686 0.9986840652617698 0.4275159175466167 1 0.4031128954544547 1 0.23020542892088325 0.9770586263626468 0.2145220755194046 0.9693241806391383 0.21307939341342239 0.739801428096697 0.2019373774528425 0.09650770402296682 0.17986392870221754 0.07464131371229238 0.18183637924925397 0.059909217191649246 0.18757573275439404 0.055899010279902586 0.1983798601339831 0.039797623567083315 0.6000157205558245 0.039407347048443384 0.8489818885644593 0.04292709662171386 0.8670845036770958