0 0.6680497925311203 0.38359375 0.6685684647302904 0.388671875 0.6701244813278008 0.390234375 0.6763485477178424 0.389453125 0.6810165975103735 0.384765625 0.6784232365145229 0.38125 0.6742738589211619 0.3796875 0.6727178423236515 0.3796875 0.6680497925311203 0.38359375
0 0.6815352697095436 0.43515625 0.6784232365145229 0.4390625 0.6804979253112033 0.445703125 0.6836099585062241 0.44765625 0.6867219917012448 0.447265625 0.6924273858921162 0.44296875 0.6913900414937759 0.437109375 0.6867219917012448 0.43515625 0.6841286307053942 0.43515625 0.6815352697095436 0.43515625
0 0.5554979253112033 0.459765625 0.5518672199170125 0.462890625 0.5518672199170125 0.46640625 0.5565352697095436 0.46953125 0.5606846473029046 0.469140625 0.5637966804979253 0.46640625 0.5643153526970954 0.462109375 0.5606846473029046 0.459765625 0.558091286307054 0.459765625 0.5554979253112033 0.459765625
0 0.38329875518672196 0.4359375 0.38589211618257263 0.439453125 0.39107883817427386 0.43984375 0.39367219917012447 0.43828125 0.39522821576763484 0.430078125 0.3926348547717842 0.427734375 0.38589211618257263 0.430078125 0.3838174273858921 0.4328125 0.38329875518672196 0.4359375
0 0.14782157676348545 0.537109375 0.15404564315352695 0.542578125 0.1628630705394191 0.540234375 0.16390041493775934 0.5359375 0.16182572614107885 0.529296875 0.15093360995850622 0.53203125 0.14834024896265557 0.534765625 0.14782157676348545 0.537109375
0 0.07572614107883817 0.650390625 0.07728215767634854 0.656640625 0.08350622406639004 0.656640625 0.09076763485477178 0.65390625 0.0912863070539419 0.65 0.08765560165975103 0.646875 0.07987551867219916 0.64609375 0.07728215767634854 0.648046875 0.07572614107883817 0.650390625
0 0.5414937759336099 0.51328125 0.5482365145228216 0.514453125 0.5503112033195021 0.512890625 0.5518672199170125 0.508984375 0.5482365145228216 0.505859375 0.5446058091286308 0.5046875 0.5409751037344398 0.508203125 0.5414937759336099 0.51328125
0 0.39574688796680496 0.533203125 0.404045643153527 0.534375 0.4071576763485477 0.52421875 0.4004149377593361 0.525 0.3962655601659751 0.52890625 0.39574688796680496 0.533203125
0 0.5238589211618258 0.5953125 0.5238589211618258 0.60078125 0.524896265560166 0.6015625 0.5326763485477178 0.6015625 0.5342323651452282 0.60078125 0.5347510373443983 0.6 0.5347510373443983 0.595703125 0.5337136929460581 0.594140625 0.5321576763485477 0.59296875 0.529045643153527 0.591796875 0.5264522821576764 0.592578125 0.5243775933609959 0.594140625 0.5238589211618258 0.5953125
0 0.4994813278008299 0.61328125 0.49377593360995853 0.61328125 0.49273858921161817 0.6140625 0.49273858921161817 0.61484375 0.49221991701244805 0.615234375 0.49221991701244805 0.616796875 0.4917012448132779 0.6171875 0.4917012448132779 0.619921875 0.49377593360995853 0.623046875 0.495850622406639 0.623046875 0.49636929460580914 0.62265625 0.5005186721991701 0.62265625 0.5025933609958506 0.621484375 0.5025933609958506 0.6203125 0.5031120331950207 0.619921875 0.5031120331950207 0.61484375 0.5025933609958506 0.614453125 0.5025933609958506 0.613671875 0.5015560165975104 0.612890625 0.5 0.612890625 0.4994813278008299 0.61328125
0 0.604253112033195 0.62421875 0.6021784232365145 0.624609375 0.5995850622406639 0.6265625 0.5990663900414938 0.6265625 0.5964730290456431 0.63046875 0.5985477178423236 0.63125 0.6026970954356846 0.63359375 0.6047717842323651 0.633984375 0.6052904564315352 0.634375 0.6078838174273858 0.634375 0.6078838174273858 0.633984375 0.6094398340248962 0.6328125 0.6094398340248962 0.632421875 0.6115145228215767 0.630859375 0.6120331950207468 0.630859375 0.6120331950207468 0.6265625 0.6089211618257261 0.62421875 0.6078838174273858 0.623828125 0.6047717842323651 0.623828125 0.604253112033195 0.62421875
0 0.4465767634854772 0.67734375 0.44553941908713696 0.67734375 0.44346473029045647 0.67890625 0.441908713692946 0.679296875 0.44087136929460574 0.680078125 0.44087136929460574 0.681640625 0.44294605809128634 0.683203125 0.4439834024896266 0.68359375 0.44553941908713696 0.68359375 0.4460580912863071 0.683984375 0.4507261410788382 0.683984375 0.4512448132780083 0.68359375 0.4512448132780083 0.679296875 0.4507261410788382 0.67890625 0.4507261410788382 0.677734375 0.45020746887966806 0.67734375 0.44813278008298757 0.67734375 0.44761410788381745 0.676953125 0.4470954356846473 0.676953125 0.4465767634854772 0.67734375
0 0.3324688796680498 0.73203125 0.33350622406639 0.73984375 0.33765560165975106 0.742578125 0.3449170124481328 0.741796875 0.350103734439834 0.736328125 0.3495850622406639 0.732421875 0.3454356846473029 0.7296875 0.3412863070539419 0.7296875 0.3324688796680498 0.73203125
0 0.2629668049792531 0.775390625 0.26141078838174275 0.778125 0.262448132780083 0.782421875 0.2671161825726141 0.783984375 0.2723029045643154 0.78359375 0.2754149377593361 0.78203125 0.274896265560166 0.775 0.2697095435684647 0.773046875 0.2671161825726141 0.773046875 0.2629668049792531 0.775390625
0 0.38485477178423233 0.865234375 0.38278008298755184 0.86875 0.38329875518672196 0.8734375 0.3869294605809129 0.876171875 0.3921161825726141 0.87578125 0.39522821576763484 0.873046875 0.3967842323651452 0.86796875 0.39315352697095435 0.864453125 0.3903008298755187 0.864453125 0.38485477178423233 0.865234375
0 0.6307053941908713 0.821875 0.6301867219917012 0.8265625 0.6338174273858921 0.829296875 0.6379668049792531 0.830078125 0.6452282157676349 0.82578125 0.6447095435684647 0.821875 0.6390041493775933 0.81875 0.6348547717842323 0.81875 0.6307053941908713 0.821875
0 0.6426348547717842 0.769140625 0.6410788381742738 0.77109375 0.6415975103734439 0.7765625 0.6462655601659751 0.7796875 0.6509336099585062 0.77890625 0.6545643153526971 0.776171875 0.6545643153526971 0.771484375 0.6509336099585062 0.769140625 0.6481675311203319 0.769140625 0.6426348547717842 0.769140625
0 0.4087136929460581 0.59375 0.40612033195020747 0.599609375 0.4118257261410788 0.604296875 0.4154564315352697 0.599609375 0.41493775933609955 0.59453125 0.41234439834024894 0.5921875 0.4113070539419087 0.5921875 0.4087136929460581 0.59375
1 0.012448132780082988 0.8046875 0.014004149377593362 0.951171875 0.03319502074688797 0.968359375 0.22302904564315354 0.969921875 0.479253112033195 0.96875 0.7946058091286307 0.961328125 0.9273858921161825 0.95390625 0.9704356846473029 0.943359375 0.9782157676348546 0.93515625 0.9854771784232363 0.91953125 0.9870331950207468 0.90390625 0.9652489626556017 0.541796875 0.9491701244813278 0.3359375 0.9413900414937759 0.265625 0.920643153526971 0.2515625 0.9004149377593361 0.246875 0.7142116182572613 0.24609375 0.24377593360995847 0.249609375 0.08506224066390042 0.252734375 0.0637966804979253 0.256640625 0.04045643153526971 0.265625 0.03475103734439834 0.28515625 0.015041493775933609 0.737890625 0.012448132780082988 0.8046875
0 0.6893153526970954 0.613671875 0.6867219917012448 0.61640625 0.6862033195020747 0.61953125 0.6893153526970954 0.62265625 0.6939834024896265 0.62265625 0.700207468879668 0.61953125 0.6986514522821576 0.614453125 0.6945020746887967 0.612890625 0.6929460580912863 0.612890625 0.6893153526970954 0.613671875
0 0.6799792531120332 0.70859375 0.6794605809128631 0.7125 0.6820539419087137 0.715625 0.6893153526970954 0.716015625 0.691908713692946 0.713671875 0.6924273858921162 0.70859375 0.6893153526970954 0.70625 0.6882780082987552 0.70625 0.6799792531120332 0.70859375