0 0.6822334638890902 0.4117855101603059 0.6885063474566213 0.4117686063636006 0.6937108648610798 0.4076849384409801 0.6915652812952403 0.40387946717483925 0.6876372533823136 0.4018229318900567 0.6860928350965647 0.40163330116899065 0.6809835281166414 0.4049415424106412 0.6808794664524118 0.4100450260773002 0.6822334638890902 0.4117855101603059
0 0.685769645652079 0.46810500931626775 0.6886204561622387 0.4704228374608245 0.6917568979460041 0.4704143855624718 0.6979434223286942 0.46684485146104704 0.6976278883222096 0.4609027308730629 0.6932326595263009 0.4583952720074401 0.6906586290500526 0.4580792208056633 0.6880845985738044 0.4577631696038864 0.6845197098796303 0.46126104156660314 0.685769645652079 0.46810500931626775
0 0.5555746577799815 0.4729776767538361 0.5598270709390871 0.47664827564091344 0.5639931249133521 0.4767662442232715 0.5674151979707234 0.47443151228200947 0.568453661400917 0.470229875777031 0.5651356500077753 0.46746112405163415 0.5625616195315271 0.4671450728498573 0.5599875890552789 0.4668290216480805 0.5560031046903903 0.469488256689472 0.5555746577799815 0.4729776767538361
0 0.39922192268678974 0.42701799509069965 0.4019863740121085 0.425783192930537 0.4045305017554778 0.41783084350142036 0.40224210255283543 0.41518851225673414 0.39526399204098417 0.4166930591750237 0.3928715311741121 0.41915421159699645 0.3919758833807213 0.42219270808052023 0.3941214669465609 0.42599817934666107 0.39922192268678974 0.42701799509069965
0 0.1604727012241621 0.49884781783895527 0.1620259707496054 0.4947093915743322 0.1607760349771566 0.4878654238246676 0.14963187049104057 0.4892520021605991 0.14672460352891883 0.49164994434221654 0.1459241661600634 0.49391301414477057 0.15143536633131227 0.5000995237958235 0.1604727012241621 0.49884781783895527
0 0.06752101539521041 0.6047152265290818 0.075061537214579 0.6028861765106627 0.07605239543250501 0.5990722533461692 0.07282959446389853 0.5955280749398024 0.06520271345968909 0.5938044946535022 0.06239065692210264 0.5954270101541498 0.06056060736274786 0.597563659475993 0.06134334225221465 0.6039567036448175 0.06752101539521041 0.6047152265290818
0 0.5483652192343839 0.518925933550472 0.5503856896428092 0.5152384308666893 0.5471628886742028 0.5116942524603225 0.543702061644258 0.5100886407563803 0.5396699720671019 0.5131355891382567 0.5395659104028722 0.5182390728049157 0.5461155740043149 0.5202239459509901 0.5483652192343839 0.518925933550472
0 0.4048981857897195 0.5127235940864525 0.3981104961269388 0.5126772876428026 0.3935159952422652 0.5160487391248086 0.39247753181207157 0.520250375629787 0.4005716136992631 0.5224248794969275 0.4048981857897195 0.5127235940864525
0 0.5123333373823978 0.6038395600631294 0.5200554288111425 0.60478771366846 0.5216950575214268 0.6042019177085562 0.5223050740412117 0.6034897012679418 0.5228287313761557 0.599224854522608 0.521989540034727 0.5975475806799577 0.5205879373857808 0.596194809937437 0.5176419164510858 0.59465240847385 0.5149726755503024 0.595111783953043 0.5127230303202333 0.5964097963535611 0.5120654085881806 0.5975097261346602 0.5113989356164338 0.6029377129014488 0.5123333373823978 0.6038395600631294
0 0.4788919926843552 0.6123273520566132 0.4787967822598199 0.613102778737583 0.4782343709523026 0.6134272818377124 0.4780439501032321 0.6149781351996519 0.47748153879571487 0.6153026382997815 0.4771483023098414 0.6180166316831758 0.47882668499269904 0.6213711793684764 0.48088590937369763 0.6216240203298978 0.4814483206812149 0.6212995172297683 0.48556676944321203 0.6218051991526112 0.4877688094610136 0.620894900092578 0.48791162509781644 0.6197317600711234 0.48847403640533377 0.6194072569709939 0.489092904164813 0.6143669835446902 0.488625703281831 0.61391605996385 0.4887209137063663 0.6131406332828802 0.48778651194040223 0.6122387861211996 0.4862420936546533 0.6120491554001336 0.485679682347136 0.6123736585002632 0.4800168152993899 0.611678345856354 0.4788919926843552 0.6123273520566132
0 0.5834186815132185 0.6377554884653353 0.582903875417969 0.6376922782249799 0.5798537928190443 0.6412533604280519 0.5818178067755075 0.6422816280704432 0.5856506242638989 0.6451135900361955 0.5876622434326298 0.6457541443381019 0.588129444315612 0.646205067918942 0.5907034747918601 0.646521119120719 0.5907510800041277 0.6461334057802341 0.5924383139266796 0.6451598964798455 0.5924859191389473 0.6447721831393606 0.5947355643690164 0.6434741707388425 0.5952503704642661 0.6435373809791979 0.5957740277992101 0.6392725342338641 0.5929708225013179 0.6365669927488226 0.5919888155230864 0.6360528589276269 0.5888999789515884 0.6356735974854947 0.5883375676440712 0.6359981005856242 0.5862307380508048 0.6361329729646876 0.5834186815132185 0.6377554884653353
0 0.42208294839921123 0.6706827937433453 0.4204909249011945 0.6708808763627641 0.41936610228615995 0.671529882563023 0.4191756814370894 0.6730807359249626 0.4210444849690176 0.6748844302483237 0.4220264919472492 0.6753985640695193 0.4235709102329981 0.6755881947905854 0.42403811111598017 0.6760391183714256 0.428671365973227 0.6766080105346239 0.4292337772807443 0.6762835074344945 0.42975743461568827 0.6720186606891607 0.4292902337327063 0.6715677371083204 0.42943304936950916 0.6704045970868657 0.4289658484865272 0.6699536735060254 0.42690662410552854 0.6697008325446039 0.42643942322254647 0.6692499089637638 0.42592461712729685 0.6691866987234084 0.42536220581977957 0.6695112018235378 0.4243325936292803 0.6693847813428271 0.42208294839921123 0.6706827937433453
0 0.30930285536865826 0.7209851792098877 0.3166053511266886 0.721094695893893 0.322419885050932 0.7162988115306582 0.3223811310783587 0.712358467885454 0.3185959188022349 0.7091387925792169 0.3144774700402378 0.7086331106563739 0.305440135147388 0.709884816613242 0.30551764309253454 0.7177655039036506 0.30930285536865826 0.7209851792098877
0 0.22980023990616041 0.7513664550878184 0.2342430739143367 0.7534862006129563 0.23943874007910085 0.7537305896760251 0.24271799749966924 0.7525589977562177 0.24306008522523706 0.7455169473871343 0.2381500503340787 0.7429462782811562 0.2355760198578305 0.7426302270793792 0.23117193982222753 0.7444508251994458 0.22929428505060515 0.7469751878617739 0.22980023990616041 0.7513664550878184
0 0.33865804564096935 0.8564316494235985 0.34192845182184345 0.8595881144894804 0.3471241179866075 0.8598325035525491 0.35054619104397894 0.8574977716112873 0.3527094770892071 0.8526471289060498 0.3495342813328683 0.848715237159198 0.34670284780899524 0.8483675808372435 0.3412021733843386 0.8484792999944819 0.3387145020929313 0.8517158790974246 0.33865804564096935 0.8564316494235985
0 0.5926887786327922 0.8431505880404482 0.5967120169702542 0.8444316966442609 0.6044429596386933 0.8410517932639021 0.6044042056661201 0.837111449618698 0.599122180316515 0.8333144302509098 0.5950037315545178 0.8328087483280668 0.5905044410943796 0.8354047731291029 0.5894183724519182 0.8399941229745662 0.5926887786327922 0.8431505880404482
0 0.6068375737176679 0.7917574406803183 0.6110899868767736 0.7954280395673956 0.6158184521585557 0.7952215050496243 0.6197553313111767 0.7929499833487175 0.6203265938583884 0.7882974232628989 0.6170085824652467 0.7855286715375019 0.6142631215592802 0.7851915713256868 0.6087716849412522 0.7845173076918162 0.606989240594165 0.7862662436731744 0.6068375737176679 0.7917574406803183
0 0.39977237213210104 0.5927737210490536 0.4039472773460601 0.5885636326457225 0.4040513390102897 0.5834601489790636 0.40176293980764743 0.5808178177343774 0.40073332761714814 0.5806913972536666 0.3979688762918293 0.5819261994138294 0.39468076763156645 0.5874258483193259 0.39977237213210104 0.5927737210490536
1 0.42228150146885113 0.9627275989676549 0.7361881064137223 0.9937928716345052 0.8296230445315362 1 0.8908667795849301 1 0.9128972124676645 0.9973863294526695 0.9216190133540294 0.9901925029078174 0.93073050717823 0.9755689126533967 0.9341791339546844 0.9602500097550672 0.9566873097262976 0.5981849130306476 0.9658162676386024 0.3919004651440934 0.966663114418032 0.32116391025148244 0.9477846582496812 0.30467782037981167 0.9282784830821564 0.29756006092013365 0.743558305312068 0.27409215795158715 0.2762007300102282 0.22024989001363332 0.11828922316569472 0.20400926318877022 0.09670612113778283 0.20529477673904908 0.07244492696939306 0.21136772275421004 0.06440179930826509 0.2300580771345455 0 0.6152067556574667 0 0.9106550399706987 0.167824474778722 0.9326648802535583 0.42228150146885113 0.9627275989676549
0 0.6702481932407272 0.6413327584759535 0.672956188114084 0.6448137266419648 0.6775894429713307 0.6453826188051631 0.6841479578124676 0.6430394349655484 0.6832224072861981 0.6378095308181788 0.6792943793732713 0.6357529955333961 0.6777499610875224 0.6355633648123301 0.6740511079962397 0.6358963198108123 0.671143841034118 0.6382942619924298 0.6702481932407272 0.6413327584759535
0 0.6544188622608916 0.7362045583123938 0.661578542382119 0.7374772150178538 0.6644382041319731 0.7354669861767213 0.6655718779867019 0.7304899229907731 0.66276867268881 0.7277843815057315 0.6617390604983107 0.7276579610250209 0.6532165317007104 0.7289728772222442 0.6522256734827845 0.7327868003867379 0.6544188622608916 0.7362045583123938