0 0.6837452639802123 0.4149793581326514 0.6900174871691231 0.41507193382403046 0.6952924817327126 0.4110797192168668 0.6932136395808647 0.40723738194599585 0.6893221014152577 0.4051126063418649 0.6877812278643113 0.4048960506868441 0.6826149622858466 0.40811461836530316 0.6824218483995159 0.41321550862022177 0.6837452639802123 0.4149793581326514
0 0.6862979963759765 0.471351994437466 0.6891079210150568 0.47371922306926856 0.6922440326095122 0.473765510914958 0.6984919117145034 0.47030449020882725 0.698280130068977 0.4643577678068641 0.6939293318789505 0.4617739835200406 0.6913612092940398 0.46141305742833916 0.688793086709129 0.46105213133663775 0.685167694681611 0.46448725467011787 0.6862979963759765 0.471351994437466
0 0.5560377980585914 0.4739517038997412 0.5602255027709304 0.47769595857962105 0.5643888633993501 0.47788661686199124 0.5678511619491806 0.4756119639215677 0.5689627958843506 0.471429091032034 0.5656936112208507 0.46860285371753896 0.56312548863594 0.46824192762583755 0.5605573660510293 0.46788100153413614 0.5565270784916542 0.4704702927205716 0.5560377980585914 0.4739517038997412
0 0.40051098328837903 0.4252702906383055 0.40329656384353985 0.4240839228725982 0.4059790917382993 0.41617718577622337 0.4037371561087637 0.41349531889840885 0.39673385043262077 0.41487785184609827 0.3942988009167545 0.4172968752232024 0.3933502604592721 0.4203192777196795 0.3954291026111202 0.42416161499055044 0.40051098328837903 0.4252702906383055
0 0.16054452122766735 0.4929224249070903 0.16216977967981944 0.48881173723589677 0.16103947798545382 0.48194699746854874 0.14987281168089112 0.4831388721338681 0.14692413764804274 0.4854857102926319 0.14608432617568548 0.4877344658604046 0.1514867174835958 0.4940162169814185 0.16054452122766735 0.4929224249070903
0 0.06575935134576695 0.5971514788779754 0.07333064603145467 0.5954543076842741 0.07438791547406207 0.5916582582590927 0.07122745979568718 0.5880583740158933 0.06363182102608012 0.5862019488120846 0.06079187597835678 0.587775140042144 0.05892481547203524 0.5898795251732363 0.05959585714198122 0.596285256257892 0.06575935134576695 0.5971514788779754
0 0.5480275498927044 0.5197671405026292 0.5501120683692762 0.5161154615141283 0.5469516126909013 0.5125155772709289 0.543519334549714 0.5108498103494905 0.5394346824977762 0.5138259250002781 0.5392415686114455 0.5189268152551966 0.5457555938545258 0.5210256934866768 0.5480275498927044 0.5197671405026292
0 0.4046906129213199 0.5110619007069243 0.39790476521542706 0.510897139797205 0.3932521241539446 0.5141878926940044 0.3921404902187747 0.5183707655835381 0.40019538901280144 0.5206861994700391 0.4046906129213199 0.5110619007069243
0 0.5105192087488861 0.6040389912118993 0.5182235765036183 0.6051217694870037 0.5198731790396898 0.60456467821332 0.5204955325417969 0.6038632165029559 0.5210935419599847 0.5996081583950821 0.5202837508962705 0.5979164941009928 0.5189059708230117 0.5965394680529154 0.5159873171988065 0.5949458863498173 0.5133104656287707 0.5953586071868202 0.5110385095905919 0.5966171601708676 0.5103617915959223 0.5977054453455839 0.5096006887000469 0.6031209738465144 0.5105192087488861 0.6040389912118993
0 0.4769348249339925 0.6119418585340715 0.4768260959488674 0.6127155054627756 0.4762581069393228 0.6130301437087876 0.47604064896907267 0.6145774375661963 0.475472659959528 0.6148920758122083 0.4750921085115903 0.6175998400626735 0.47671169063901875 0.620983168650852 0.47876618870694737 0.6212719095242132 0.479334177716492 0.6209572712782012 0.48344317385234914 0.6215347530249236 0.4856607653979653 0.6206630235052282 0.4858238588756528 0.6195025531121716 0.4863918478851975 0.6191879148661596 0.4870985862885103 0.6141592098295814 0.4866393262640907 0.613700201146889 0.4867480552492157 0.6129265542181846 0.48582953520037647 0.6120085368527997 0.4842886616494301 0.6117919811977789 0.4837206726398854 0.6121066194437907 0.47807080295308185 0.6113125820420475 0.4769348249339925 0.6119418585340715
0 0.5810018116703131 0.6391903643714393 0.5804881871533308 0.6391181791530991 0.577376419642795 0.6426254877049195 0.5793221887255984 0.6436878755069848 0.5831049979060804 0.6465862980398202 0.5851051314814464 0.6472618623775335 0.585564391505866 0.6477208710602259 0.5881325140907767 0.6480817971519274 0.5881868785833393 0.6476949736875752 0.5898908456119732 0.6467510589495394 0.5899452101045358 0.6463642354851873 0.5922171661427145 0.6451056825011398 0.5927307906596966 0.64517786771948 0.5933288000778844 0.6409228096116061 0.5905732399313667 0.6381687575154513 0.589600355389965 0.6376375636144186 0.5865186082880721 0.637204452304377 0.5859506192785274 0.6375190905503888 0.5838417567180364 0.6376171731413798 0.5810018116703131 0.6391903643714393
0 0.41911599005530975 0.6692969578742057 0.4175207520118008 0.669467225683537 0.4163847739927114 0.6700965021755608 0.4161673160224614 0.6716437960329695 0.41800435612013986 0.6734798307637394 0.41897724066154163 0.6740110246647721 0.420518114212488 0.674227580319793 0.4209773742369077 0.6746865890024853 0.4255999948897469 0.675336255967548 0.4261679838992916 0.675021617721536 0.42676599331747933 0.6707665596136622 0.42630673329305974 0.6703075509309697 0.4264698267707473 0.6691470805379132 0.42601056674632776 0.6686880718552207 0.42395606867839913 0.6683993309818596 0.4234968086539796 0.6679403222991672 0.4229831841369974 0.6678681370808268 0.42241519512745274 0.6681827753268388 0.42138794609348845 0.6680384048901582 0.41911599005530975 0.6692969578742057
0 0.3054751763032611 0.7176233980221927 0.3127746485261361 0.7178603441502522 0.31867199659183293 0.7131666678327246 0.31870201700047607 0.7092262479708626 0.3149735723125565 0.7059410019736752 0.31086457617669944 0.7053635202269529 0.3018067724326278 0.7064573123012812 0.3017467316153416 0.7143381520250053 0.3054751763032611 0.7176233980221927
0 0.22545444309947285 0.7466125347267736 0.22985960578206202 0.7488094955492449 0.23505021544444596 0.7491445242682955 0.23834942051658894 0.7480303417209285 0.23881435686573224 0.7409953341442491 0.2339499341587234 0.7383393646390853 0.2313818115738127 0.737978438547384 0.22694662848258046 0.7397218975867748 0.22502520348369637 0.7422131061822193 0.22545444309947285 0.7466125347267736
0 0.3324620287892436 0.8535615577941165 0.33567684896018085 0.8567746185729638 0.3408674586225648 0.8571096472920144 0.3443297571723953 0.8548349943515909 0.3465773691266546 0.8500228449700333 0.3434712779408423 0.8460361372624818 0.3406463430974406 0.8456391185616102 0.33514455668400295 0.8456548206977417 0.3326007781830117 0.8488474910035502 0.3324620287892436 0.8535615577941165
0 0.5866858581511836 0.8447159667806773 0.5906861253019157 0.8460670954561038 0.5984748779578536 0.8428226304049939 0.5985048983664966 0.838882210543132 0.5932899446201931 0.8349935854265713 0.589180948484336 0.8344161036798491 0.5846370364079788 0.8369332096479443 0.5834710379802464 0.8415029060018302 0.5866858581511836 0.8447159667806773
0 0.6017294324018566 0.7935775773682378 0.6059171371141959 0.7973218320481177 0.6106484867521601 0.7971978520844759 0.6146244098189728 0.7949953843623927 0.6152767837297232 0.7903535027901666 0.6120075990662233 0.7875272654756715 0.6092684395171575 0.7871423017062629 0.603789606794509 0.7863723019822271 0.6019769107807499 0.788089863648967 0.6017294324018566 0.7935775773682378
0 0.3981685125988414 0.591010377864183 0.4024162581284667 0.5868737928203387 0.40260937201479735 0.5817729025654201 0.40036743638526184 0.5790910356876057 0.3993401873512976 0.5789466652509251 0.39655460679613685 0.5801330330166323 0.3931710168227882 0.5855744588902136 0.3981685125988414 0.591010377864183
1 0.4142176282456836 0.9613007484889998 0.727534259929514 0.9978397154172004 0.7532565024343573 1 0.9098286306881963 1 0.9129997599428815 0.9974761105980647 0.9223650828831327 0.9830137650807418 0.92608053613658 0.9677573821616756 0.9549041910287915 0.6061402515369166 0.9676319185827961 0.40004654405477114 0.9697131594893182 0.32933554219627525 0.9511253005422835 0.31252248874598554 0.9317463182907305 0.3050653836584884 0.7474638456792663 0.2783772433456225 0.2811171283434006 0.21638666149015545 0.12351311020636477 0.19739257239284633 0.10191086008447181 0.19830121308441648 0.0775473734913373 0.20394981793920386 0.06917927917640736 0.22249695375506945 0 0.5960181121542287 0 0.9029224191127174 0.16032402337881776 0.9268017210219565 0.4142176282456836 0.9613007484889998
0 0.6677556668724562 0.6442824734759274 0.6704024980338489 0.6478101725007865 0.6750251186866881 0.6484598394658491 0.6816235288309741 0.646231474371115 0.6807893936833405 0.6409862136795159 0.6768978555177334 0.638861438075385 0.6753569819667871 0.6386448824203641 0.6716528813627869 0.6389132328206865 0.6687042073299386 0.6412600709794503 0.6677556668724562 0.6442824734759274
0 0.6502730055662178 0.7388635639598404 0.6574093843114053 0.7402609804809565 0.6603036938516912 0.7383009657865449 0.6615240567719861 0.733344445968307 0.6587684966254683 0.7305903938721521 0.6577412475915041 0.7304460234354716 0.6491970683644148 0.7316120007281401 0.6481397989218073 0.7354080501533217 0.6502730055662178 0.7388635639598404