0 0.5767750407106748 0.32973293473342735 0.5829701335011361 0.3290171026051715 0.5804689696022912 0.3209338005249686 0.5742125456131076 0.320479363667184 0.5696531118851182 0.3226741188269334 0.5661909321097456 0.3259848525616828 0.5678265911722173 0.3274637755931762 0.5767750407106748 0.32973293473342735
0 0.7992321829806184 0.40217408054232723 0.8058634622163975 0.3998707445604971 0.8056181374215088 0.39518966861633503 0.8007111602340933 0.3907528995218547 0.7970240993967392 0.3897726469744557 0.792028479223432 0.39355490598777915 0.7906994761545711 0.3979273278864884 0.7940116817453297 0.4016653532735022 0.7992321829806184 0.40217408054232723
0 0.7042880879006093 0.4834262988893189 0.7084317789161882 0.4832091372451572 0.7138840292677209 0.47822946404027294 0.7115873026979498 0.4740470585802051 0.7035930009817577 0.47016325038085965 0.6997150784939747 0.4754515776311967 0.7004170334670887 0.4789352393837981 0.7042880879006093 0.4834262988893189
0 0.42798356659092407 0.3844700941869461 0.4261025827335635 0.37831009521129066 0.42082075029955257 0.3766310989564251 0.41574335519461575 0.37885299932169464 0.41673152242843325 0.38779791634248506 0.42508023565831377 0.38853386204020235 0.42798356659092407 0.3844700941869461
0 0.27147042733703963 0.43061522429143706 0.2758049800030477 0.4241294828495392 0.27458506365298635 0.42067296630245804 0.2708571153498176 0.4189125344310319 0.2662363504231059 0.41993702060474075 0.26126117398270593 0.4241093692800777 0.259577759400157 0.43162965368041517 0.26477781690253827 0.43174829128722675 0.27147042733703963 0.43061522429143706
0 0.44572330256920295 0.4652930582042436 0.45127777158527244 0.4622638333094268 0.45099155932456886 0.4568025780412378 0.44772024119962534 0.4538447319782509 0.44094585583349444 0.45341744032598646 0.4384582676132943 0.455503614663655 0.43880581107272015 0.4621351389178846 0.4420362417318489 0.4643128056568444 0.44572330256920295 0.4652930582042436
0 0.5746479299090266 0.4675331094615448 0.5738642000042831 0.4624890890608895 0.5675260010834698 0.4604742935550509 0.5613309082930085 0.46119012568330664 0.56105827171095 0.46589834683298903 0.565903917699643 0.4691648469414288 0.5746479299090266 0.4675331094615448
0 0.639685861482657 0.5192783271430252 0.6352559582063744 0.5140342335189977 0.6255577981747258 0.5172806200579761 0.6279567434090337 0.5234134738281113 0.6399107425446384 0.5235693134251738 0.639685861482657 0.5192783271430252
0 0.5747702714467116 0.5293301472927998 0.5792070427772564 0.5247948541609696 0.576930759940393 0.5210025383629153 0.5649563170718807 0.5204566091038394 0.561432806097786 0.5225970738525482 0.5605808769400578 0.5261621712217102 0.5659649280386058 0.5297916157866432 0.5747702714467116 0.5293301472927998
0 0.6126355942485713 0.5977547028908978 0.6160773302910364 0.5940538794941348 0.6147756390093455 0.5890370042989996 0.608416996355625 0.5866321191311474 0.603837118894728 0.5884367846288832 0.6018879357843828 0.5908859034230451 0.6048048423956383 0.5969916119876602 0.6126355942485713 0.5977547028908978
0 0.6595039901632285 0.6496698234415581 0.6619302471847062 0.6464133801178489 0.6616440349240025 0.6409521248496599 0.657377681510979 0.6388287485217405 0.650310215829882 0.6427195883571448 0.647924846274219 0.6467562110048809 0.65121660813207 0.6501041467298813 0.6595039901632285 0.6496698234415581
0 0.5335239020815894 0.5846896837958535 0.5375449306997242 0.5821319841796109 0.5383355286587301 0.5773966178244084 0.5319973297379169 0.5753818223185698 0.5273970085441126 0.5767963981542922 0.5254682691666749 0.5796356066104674 0.5250934139200794 0.5823933794500823 0.5293802110660103 0.5849068454400151 0.5335239020815894 0.5846896837958535
0 0.4822321500851524 0.5772075827244819 0.48358159688692065 0.5732252504877862 0.4819254940915415 0.5713562377942794 0.47409474223860837 0.5705931468910418 0.4691604532640232 0.5755456748904059 0.4692831156614676 0.5778862128624869 0.4786473079123355 0.5781777784871502 0.4822321500851524 0.5772075827244819
0 0.4742648392963703 0.623390977290466 0.472342967973195 0.6164507989907835 0.46088648648163016 0.6158777245261874 0.46547993962117207 0.6242425354463229 0.4697054055683808 0.6255857324502153 0.4742648392963703 0.623390977290466
0 0.434463427773171 0.6567697666931623 0.4379460512814509 0.6538491226204265 0.4356288809787725 0.6492766274983451 0.42531054090563947 0.6505997109327761 0.424499499213726 0.6549449876259652 0.42775037360576224 0.6575127440269385 0.434463427773171 0.6567697666931623
0 0.9063537143892955 0.5929229374408297 0.9093388202535356 0.5904195282356275 0.9088686143966654 0.5814474660093168 0.9006016760984143 0.5822718789596536 0.8961853485007769 0.5871972617534974 0.8953129756101411 0.5903722694606458 0.8980254448923226 0.5925770814051259 0.9063537143892955 0.5929229374408297
0 0.9275557905728267 0.6407069177937907 0.9321152243008163 0.6385121626340414 0.9324696358145046 0.6353643001324132 0.9238960415226426 0.6303373681525473 0.9192139453972088 0.6301915853402156 0.9157722093547435 0.6338924087369785 0.9160993090812617 0.6401338433291945 0.9192684085416684 0.6411412410821139 0.9275557905728267 0.6407069177937907
0 0.71003181426831 0.7714109934926359 0.7163973249762929 0.7640364919046301 0.7049203997518206 0.7630733277780205 0.6999861107772354 0.7680258557773846 0.6997543616609916 0.7735142562510939 0.7039389401423856 0.7740772739309593 0.71003181426831 0.7714109934926359
0 0.6540854383634886 0.7246655625855011 0.6595581324479285 0.7200759790426303 0.650112165265431 0.7182240547699129 0.645075657626309 0.7212261344592095 0.6442441722014882 0.725181321490385 0.6479516767717495 0.7265516636997976 0.6540854383634886 0.7246655625855011
0 0.4301967535003879 0.714102890224417 0.42668011058055544 0.7064639682172681 0.41940820757038455 0.7064539114325373 0.41588469659628985 0.7085943761812462 0.4143921436641699 0.7098460807838474 0.4184063042280421 0.7170677679234625 0.4301967535003879 0.714102890224417
0 0.3739023528465014 0.7499106848518137 0.3750882497850104 0.7428076353190101 0.371278526550212 0.7394868447995299 0.3639861798071337 0.7390866983527856 0.360462668833039 0.7412271631014946 0.36027180718261 0.7474957428992308 0.36513789690421056 0.7511523326696842 0.3739023528465014 0.7499106848518137
0 0.2582340576434927 0.6339303486683621 0.25961081623243065 0.620558719337822 0.25283643086629976 0.6201314276855576 0.24624603909633547 0.6232149429914148 0.24549632860314427 0.6287304886706442 0.2482701290840478 0.6321055696011648 0.2582340576434927 0.6339303486683621
0 0.2316618268998182 0.5332299003091652 0.23603726703164116 0.5275243381912944 0.23322257908492272 0.5233690779367468 0.22740234154105704 0.521327137225388 0.2217047663946357 0.5216257344861102 0.21409889560368406 0.5251536298650212 0.21376492782290324 0.5286915820286631 0.22235896584767248 0.5341086036705424 0.2316618268998182 0.5332299003091652
0 0.3881067669007181 0.4956938879744916 0.3936203484509728 0.4918844837556479 0.3927957310804144 0.4860602840309656 0.3879705288246287 0.4831838735845393 0.3828113587880621 0.48384541530175473 0.3794309539443192 0.48871650768455827 0.3791174298964458 0.49264454951021347 0.3844605935291789 0.49549381475111953 0.3881067669007181 0.4956938879744916
1 0.057890647614732935 0.9041608541251719 0.06090977289052536 0.9122170109998544 0.07322489116420088 0.9291738512690179 0.2786851398947944 0.9250558741372487 0.8392897676693952 0.8890260923046434 0.9401082425779703 0.880221970270083 0.9636686973897544 0.8739021252099782 0.9736394940034614 0.8659475175213178 0.9785328955122319 0.8602148101979266 0.9830787535615764 0.8478505786203059 0.9874478069287761 0.7627396534695319 0.9913536829232481 0.6291490294070023 0.9922343677370641 0.3486403855777131 0.9841590932386411 0.19455496908237846 0.966187287284359 0.17867690539796427 0.9508188638934589 0.17283259210382046 0.9424497069306709 0.17170655674408958 0.8925823086133692 0.1715818688399342 0.16891535814049402 0.1981639755477404 0.10263674562413516 0.20202865151633942 0.027736783295837203 0.20986560293690334 0 0.22950176061659425 0 0.2760642250624062 0.031721225624342944 0.6724003361141679 0.04894251893603495 0.8424351951257467 0.057890647614732935 0.9041608541251719