0 0.575207468879668 0.3296875 0.5767634854771784 0.33125 0.5855809128630705 0.333984375 0.5918049792531119 0.33359375 0.5897302904564314 0.325390625 0.58350622406639 0.324609375 0.5788381742738589 0.3265625 0.575207468879668 0.3296875
0 0.7956431535269709 0.41328125 0.7987551867219918 0.4171875 0.803941908713693 0.41796875 0.8106846473029046 0.416015625 0.8106846473029046 0.411328125 0.8060165975103735 0.406640625 0.8023858921161825 0.40546875 0.7971991701244814 0.408984375 0.7956431535269709 0.41328125
0 0.7007261410788381 0.4859375 0.7012448132780082 0.489453125 0.7048755186721991 0.494140625 0.7090248962655601 0.494140625 0.7147302904564314 0.489453125 0.712655601659751 0.48515625 0.7048755186721991 0.480859375 0.7007261410788381 0.4859375
0 0.42271784232365145 0.38359375 0.4310165975103734 0.384765625 0.43412863070539415 0.380859375 0.4325726141078838 0.374609375 0.42738589211618255 0.37265625 0.4221991701244813 0.374609375 0.42271784232365145 0.38359375
0 0.26348547717842324 0.419140625 0.26867219917012447 0.41953125 0.2754149377593361 0.41875 0.2800829875518672 0.4125 0.279045643153527 0.408984375 0.2754149377593361 0.40703125 0.27074688796680496 0.4078125 0.26556016597510373 0.41171875 0.26348547717842324 0.419140625
0 0.44087136929460574 0.458984375 0.4439834024896266 0.461328125 0.44761410788381745 0.4625 0.4533195020746888 0.459765625 0.4533195020746888 0.454296875 0.45020746887966806 0.451171875 0.44346473029045647 0.450390625 0.44087136929460574 0.45234375 0.44087136929460574 0.458984375
0 0.5627593360995851 0.469140625 0.5674273858921162 0.47265625 0.5762448132780082 0.471484375 0.5757261410788381 0.46640625 0.5695020746887967 0.4640625 0.5632780082987552 0.464453125 0.5627593360995851 0.469140625
0 0.6265560165975104 0.530078125 0.6384854771784232 0.530859375 0.6384854771784232 0.5265625 0.6343360995850622 0.52109375 0.6244813278008299 0.523828125 0.6265560165975104 0.530078125
0 0.5591286307053942 0.529296875 0.5643153526970954 0.533203125 0.5731327800829875 0.533203125 0.5778008298755186 0.52890625 0.5757261410788381 0.525 0.5637966804979253 0.523828125 0.5601659751037344 0.52578125 0.5591286307053942 0.529296875
0 0.5969917012448133 0.59609375 0.5995850622406639 0.60234375 0.6073651452282157 0.603515625 0.6109958506224066 0.6 0.6099585062240663 0.594921875 0.6037344398340249 0.5921875 0.5990663900414938 0.59375 0.5969917012448133 0.59609375
0 0.6400414937759336 0.654296875 0.6431535269709543 0.6578125 0.6514522821576764 0.6578125 0.654045643153527 0.6546875 0.654045643153527 0.64921875 0.649896265560166 0.646875 0.6426348547717842 0.650390625 0.6400414937759336 0.654296875
0 0.520746887966805 0.58359375 0.524896265560166 0.586328125 0.529045643153527 0.586328125 0.533195020746888 0.583984375 0.5342323651452282 0.579296875 0.5280082987551867 0.576953125 0.5233402489626556 0.578125 0.5212655601659751 0.580859375 0.520746887966805 0.58359375
0 0.4652489626556016 0.576171875 0.4745850622406639 0.576953125 0.47821576763485474 0.576171875 0.4797717842323651 0.572265625 0.47821576763485474 0.5703125 0.4704356846473029 0.569140625 0.4652489626556016 0.573828125 0.4652489626556016 0.576171875
0 0.45902489626556015 0.622265625 0.4631742738589211 0.623828125 0.46784232365145223 0.621875 0.46628630705394186 0.61484375 0.45487551867219916 0.613671875 0.45902489626556015 0.622265625
0 0.4164937759336099 0.65078125 0.4196058091286307 0.653515625 0.4263485477178423 0.653125 0.42997925311203317 0.650390625 0.4279045643153527 0.645703125 0.4175311203319502 0.646484375 0.4164937759336099 0.65078125
0 0.8900414937759337 0.6109375 0.8926348547717842 0.61328125 0.9009336099585061 0.6140625 0.9040456431535269 0.61171875 0.9040456431535269 0.602734375 0.8957468879668049 0.603125 0.8910788381742739 0.6078125 0.8900414937759337 0.6109375
0 0.9081950207468878 0.66171875 0.9113070539419088 0.662890625 0.9196058091286308 0.662890625 0.9242738589211618 0.6609375 0.924792531120332 0.6578125 0.91649377593361 0.65234375 0.9118257261410788 0.651953125 0.9081950207468878 0.65546875 0.9081950207468878 0.66171875
0 0.6851659751037344 0.78359375 0.6893153526970954 0.784375 0.6955394190871369 0.78203125 0.7022821576763485 0.775 0.6908713692946058 0.7734375 0.6856846473029046 0.778125 0.6851659751037344 0.78359375
0 0.6322614107883817 0.732421875 0.6358921161825726 0.733984375 0.642116182572614 0.732421875 0.6478215767634855 0.728125 0.6384854771784232 0.72578125 0.633298755186722 0.728515625 0.6322614107883817 0.732421875
0 0.40352697095435686 0.705078125 0.4071576763485477 0.7125 0.4190871369294606 0.71015625 0.4159751037344398 0.70234375 0.4087136929460581 0.701953125 0.4050829875518672 0.70390625 0.40352697095435686 0.705078125
0 0.3475103734439834 0.73984375 0.3521784232365145 0.74375 0.36099585062240663 0.74296875 0.362551867219917 0.7359375 0.3589211618257261 0.732421875 0.35165975103734437 0.731640625 0.3480290456431535 0.73359375 0.3475103734439834 0.73984375
0 0.23910788381742737 0.615234375 0.24170124481327798 0.61875 0.25155601659751037 0.62109375 0.25363070539419086 0.6078125 0.24688796680497926 0.60703125 0.24014522821576761 0.609765625 0.23910788381742737 0.615234375
0 0.21265560165975103 0.513671875 0.220954356846473 0.51953125 0.23029045643153526 0.519140625 0.2349585062240664 0.513671875 0.23236514522821575 0.509375 0.2266597510373444 0.50703125 0.220954356846473 0.50703125 0.21317427385892115 0.51015625 0.21265560165975103 0.513671875
0 0.3796680497925311 0.486328125 0.38485477178423233 0.489453125 0.38848547717842324 0.48984375 0.3941908713692946 0.486328125 0.39367219917012447 0.48046875 0.38900414937759337 0.47734375 0.3838174273858921 0.477734375 0.3801867219917012 0.482421875 0.3796680497925311 0.486328125
1 0.023340248962655602 0.64765625 0.03163900414937759 0.818359375 0.03734439834024896 0.88046875 0.03993775933609958 0.888671875 0.05134854771784232 0.90625 0.2567427385892116 0.912890625 0.8184647302904564 0.90625 0.9196058091286308 0.902734375 0.9434647302904564 0.89765625 0.9538381742738589 0.890234375 0.9590248962655601 0.884765625 0.9642116182572614 0.87265625 0.9730290456431534 0.787890625 0.9839211618257261 0.6546875 0.9994813278008298 0.374609375 0.9994813278008298 0.2203125 0.9823651452282156 0.203515625 0.9673236514522822 0.196875 0.9590248962655601 0.1953125 0.9092323651452281 0.192578125 0.18516597510373442 0.18125 0.1187759336099585 0.181640625 0.043568464730290454 0.185546875 0.014522821576763484 0.20390625 0.011410788381742738 0.2140625 0.023340248962655602 0.64765625