0 0.5997244667566342 0.34207498260021607 0.6059588939069753 0.3422283071754088 0.6046070493797588 0.33387557649958 0.59847475786545 0.3325548362625611 0.5936542453516482 0.33409368168542036 0.5897649941915358 0.3368903532916284 0.5911789088280751 0.3385825232896805 0.5997244667566342 0.34207498260021607
0 0.8099348125107351 0.4447711864782443 0.8168221190039804 0.44341316209842996 0.81723066154811 0.43874349945112484 0.8129889176384918 0.43366698945696874 0.8094741638104981 0.4321831369698138 0.8040007719537924 0.4352333313476803 0.8020761791370908 0.43937823965875955 0.804835917986148 0.4435408567627478 0.8099348125107351 0.4447711864782443
0 0.7046065836502032 0.5120189996915558 0.7087401716090902 0.5123806417776458 0.7148323975966893 0.5082082369987143 0.7131401009493648 0.5037468918623064 0.7057641208585707 0.49878828885752496 0.7011879451435432 0.5034854479726822 0.7013982367303069 0.5070329002189222 0.7046065836502032 0.5120189996915558
0 0.4447630808159655 0.3755716729309865 0.44375770872355574 0.36920984028562936 0.43876094983500113 0.3668120949083066 0.4334237388263385 0.3683057350704047 0.4331573974449509 0.37730112707183394 0.44132243772669233 0.37919182690583997 0.4447630808159655 0.3755716729309865
0 0.2833509558234932 0.3994853028704316 0.28854596566941376 0.39366593335420924 0.2878189755877893 0.390073275847208 0.2843723121838173 0.38781114625216895 0.2796539353060479 0.38818257601320205 0.2741464982373312 0.3916219089450106 0.2714328452296825 0.3988347204268653 0.2765657849662803 0.39967591158841975 0.2833509558234932 0.3994853028704316
0 0.45108179237209 0.4580769674846749 0.45700379229963506 0.455850255475454 0.4574804252677863 0.45040231572026473 0.45465259599470753 0.4470179757241605 0.44800360598553796 0.44565203022638034 0.44524988745117955 0.4473716966922846 0.44467111884699595 0.4539870521093001 0.44756703854409635 0.45659311499752003 0.45108179237209 0.4580769674846749
0 0.5784399792213357 0.47823805889412896 0.5783658684826152 0.4731340524321205 0.5723697578163497 0.4702567579793332 0.5661353306660085 0.4701034334041405 0.565210089627018 0.4747278907906843 0.5695539691726685 0.4786369851230142 0.5784399792213357 0.47823805889412896
0 0.6356434237111159 0.5385312262913113 0.6319864687203803 0.5327216444500322 0.6219308808339483 0.5345867143731634 0.6234529514212188 0.5409937522792817 0.6352689263789971 0.5428117503846743 0.6356434237111159 0.5385312262913113
0 0.5699606447544635 0.5394507188524115 0.5749854285403301 0.5355770421058995 0.5732590866809947 0.5315048355234337 0.5614771569352272 0.529297698864099 0.5576900414111472 0.5309269548084808 0.5563502375133281 0.5343387912724372 0.5611767703418288 0.5386822294194704 0.5699606447544635 0.5394507188524115
0 0.5979346072533358 0.6124792057722287 0.601857903625459 0.6092933956120785 0.6012670943918778 0.6041441838893089 0.5953050289376229 0.6008777508825796 0.590518561635832 0.6020274577514967 0.5882474963843237 0.6041814680321044 0.5902862654664552 0.6106337111989839 0.5979346072533358 0.6124792057722287
0 0.6371216948470074 0.6704119119348837 0.6399775490173982 0.6675248298071532 0.6404541819855495 0.662076890051964 0.6365248652987273 0.6593804166422216 0.628984679462578 0.6622497899770432 0.6260607348681656 0.6659151492126578 0.6288545189292336 0.6696886277627041 0.6371216948470074 0.6704119119348837
0 0.5214111238578207 0.5885311150238306 0.5257489830887725 0.5865579257862679 0.5271909226226238 0.5819786736604853 0.5211948119563583 0.579101379207698 0.5164423898665781 0.5798619475226732 0.514137279403059 0.5824050963572228 0.5133822644241225 0.5850838609740563 0.5172775358989339 0.5881694729377407 0.5214111238578207 0.5885311150238306
0 0.4716598468737369 0.5739833970667354 0.4735503944784275 0.5702276273095982 0.47217052505389895 0.5681463187576041 0.46452218326701844 0.5663008241843593 0.4589466557742801 0.570518434224052 0.4587423845022153 0.5728532655477045 0.46797486698568924 0.574445237349291 0.4716598468737369 0.5739833970667354
0 0.4573425871712556 0.618608502662735 0.45640530550286734 0.6114683929094937 0.4451400742519608 0.6093064615109204 0.4485246675466101 0.6182291517837362 0.45252207465745375 0.6201473480855944 0.4573425871712556 0.618608502662735
0 0.41328309062152224 0.6461231661172034 0.4171382965696238 0.6437156330649374 0.41548004513431 0.6388651493745875 0.40507798481307117 0.638739321267247 0.4036700904912306 0.6429294348390874 0.4065319649763202 0.6459246362812495 0.41328309062152224 0.6461231661172034
0 0.8894667346202929 0.6485721243195233 0.892771196861523 0.6465085245604381 0.8935542367377713 0.63755833781977 0.8852530156079869 0.6372241922015325 0.8801941866101096 0.6414870075019864 0.8788884279243014 0.6445097054120006 0.8812676491265409 0.6470705630394593 0.8894667346202929 0.6485721243195233
0 0.9038122289339338 0.6988418329496886 0.9086327414477354 0.6973029875268293 0.9094218016386828 0.6942350843560539 0.9016312586890601 0.688063860428685 0.8970150174473233 0.6872678745278916 0.8930917210751999 0.6904536846880418 0.8925469976830269 0.6966799015511151 0.8955450530161599 0.698118548777509 0.9038122289339338 0.6988418329496886
0 0.6702146894907453 0.7980004192531727 0.6775445837401309 0.7915835936721111 0.6663133977012351 0.7890325237195956 0.6607378702084967 0.7932501337592883 0.6597445387454848 0.7986528682537163 0.66381003628035 0.7997927874476904 0.6702146894907453 0.7980004192531727
0 0.6213184864454483 0.7439236810441204 0.6273766672210367 0.7401404148191311 0.618280365585606 0.7369918888017762 0.6128750641529217 0.7392638060717586 0.611501215043092 0.743064781089657 0.6149819236590748 0.744937772130754 0.6213184864454483 0.7439236810441204
0 0.40107871073989276 0.702304521342091 0.39865942401094356 0.6942505186986818 0.39145969029490224 0.6932285064940824 0.3876725747708223 0.6948577624384642 0.38602034365020715 0.6958895623180068 0.388990374086028 0.7035996316682351 0.40107871073989276 0.702304521342091
0 0.34034868150656844 0.7299291706679683 0.3425115908073455 0.7230602924792944 0.33920110825141664 0.7192416086684869 0.33203541974738615 0.7178304579099455 0.3282483042233061 0.7194597138543273 0.32718688233627236 0.7256407254566394 0.3314967166699121 0.7299389583429114 0.34034868150656844 0.7299291706679683
0 0.24194740523829697 0.5989796318174164 0.24517173642610773 0.5859297420264304 0.23852274641693816 0.5845637965286502 0.23156734949967128 0.5867000980163488 0.2300573195417983 0.5920576272500155 0.23233440510800535 0.5957859005393005 0.24194740523829697 0.5989796318174164
0 0.22964856728382138 0.4955610535473209 0.23477548670572043 0.49051996113898283 0.2325664915635349 0.4860134107418136 0.22708707939213024 0.4831813215497876 0.2214033959486607 0.482684063681414 0.21338055682966134 0.4851190932015322 0.2125574514267033 0.48857613492624974 0.220313949164315 0.49513649740756077 0.22964856728382138 0.4955610535473209
0 0.3897949991171952 0.48016326653384056 0.3957850894687619 0.4771582774167353 0.39577906915406313 0.47127599384684277 0.3914011443964018 0.46775603806845495 0.38620011423578227 0.4676931240147847 0.38217468222762657 0.4720463498367611 0.3813175316126577 0.4758925301154207 0.3862121548651799 0.47945769115456977 0.3897949991171952 0.48016326653384056
1 0.005944906085586394 0.8386978589405736 0.007813449107663867 0.8470957948771636 0.017648781454116646 0.8656015455413046 0.22168261681483506 0.8901181842197687 0.7818458553533343 0.932460126207169 0.8829084687593001 0.9377729050701309 0.9071191872790401 0.9347935458639004 0.9181000162044626 0.9283040185542253 0.9237436341212225 0.9233081314066484 0.9299660206421663 0.911696888842056 0.9461377060611452 0.8280223120695638 0.9685977917489076 0.6962753756512978 1 0.4778159003470262 1 0.24317982152071468 0.9919644283900222 0.23875842208681095 0.9838334333202916 0.2364785836988629 0.9344686942977243 0.2294149087881899 0.21414490662027164 0.15502334670118736 0.14797345406607032 0.1496262118776916 0.07271172019113699 0.1469628346067336 0.04217647951442087 0.16272085203938266 0.03819111303297471 0.17256722287730955 0.012284993082782242 0.6055507387505357 0.005674411351834702 0.776327570995408 0.005944906085586394 0.8386978589405736