1 0.015041493775933609 0.31875 0.032676348547717844 0.818359375 0.03890041493775934 0.841796875 0.04719917012448133 0.8578125 0.0720954356846473 0.8671875 0.1187759336099585 0.87265625 0.8584024896265559 0.871484375 0.9351659751037344 0.869140625 0.9481327800829875 0.841796875 0.9507261410788381 0.7796875 0.9528008298755186 0.2015625 0.9507261410788381 0.18359375 0.9279045643153527 0.171875 0.8931535269709544 0.16484375 0.06431535269709543 0.17421875 0.049792531120331954 0.174609375 0.03941908713692946 0.176953125 0.017634854771784232 0.198046875 0.014522821576763484 0.2046875 0.015041493775933609 0.31875
0 0.7764522821576764 0.366015625 0.7816390041493776 0.36953125 0.7863070539419087 0.36875 0.7904564315352697 0.365234375 0.7904564315352697 0.360546875 0.7868257261410788 0.35703125 0.7811203319502075 0.3578125 0.7764522821576764 0.3625 0.7764522821576764 0.366015625
0 0.38537344398340245 0.396875 0.38848547717842324 0.402734375 0.3962655601659751 0.403125 0.399896265560166 0.400390625 0.39885892116182575 0.396484375 0.39522821576763484 0.39375 0.391597510373444 0.392578125 0.3869294605809129 0.39453125 0.38537344398340245 0.396875
0 0.725103734439834 0.5953125 0.7287344398340249 0.5984375 0.7349585062240663 0.59765625 0.7391078838174273 0.59296875 0.7365145228215767 0.58828125 0.7282157676348547 0.587890625 0.725103734439834 0.590234375 0.725103734439834 0.5953125
0 0.6696058091286307 0.551953125 0.6696058091286307 0.556640625 0.6763485477178424 0.558984375 0.6804979253112033 0.558203125 0.6815352697095436 0.55234375 0.6773858921161826 0.55 0.6716804979253113 0.550390625 0.6696058091286307 0.551953125
0 0.549792531120332 0.43515625 0.5575726141078838 0.4359375 0.5612033195020747 0.434375 0.5632780082987552 0.42734375 0.5601659751037344 0.425 0.5518672199170125 0.42421875 0.5487551867219918 0.4265625 0.549792531120332 0.43515625
0 0.5108921161825726 0.49375 0.5155601659751037 0.496484375 0.517116182572614 0.497265625 0.5217842323651453 0.49453125 0.5233402489626556 0.491015625 0.5217842323651453 0.4859375 0.5134854771784232 0.48515625 0.5103734439834025 0.488671875 0.5108921161825726 0.49375
0 0.5809128630705394 0.55390625 0.5840248962655601 0.5578125 0.587655601659751 0.558984375 0.5918049792531119 0.5578125 0.5938796680497924 0.551953125 0.5912863070539418 0.548828125 0.5866182572614107 0.5484375 0.5819502074688796 0.55078125 0.5809128630705394 0.55390625
0 0.5150414937759336 0.5484375 0.5165975103734439 0.550390625 0.5259336099585062 0.55078125 0.5269709543568465 0.54765625 0.524896265560166 0.541015625 0.5212655601659751 0.540625 0.5165975103734439 0.5453125 0.5150414937759336 0.5484375
0 0.46784232365145223 0.509375 0.4699170124481328 0.512890625 0.47406639004149376 0.515625 0.47821576763485474 0.51484375 0.479253112033195 0.505859375 0.47147302904564314 0.50703125 0.46784232365145223 0.509375
0 0.49273858921161817 0.53828125 0.4979253112033195 0.541015625 0.5015560165975104 0.541015625 0.504149377593361 0.53671875 0.5015560165975104 0.531640625 0.4974066390041494 0.530078125 0.4911825726141078 0.532421875 0.49273858921161817 0.53828125
0 0.41493775933609955 0.51875 0.41856846473029047 0.52109375 0.42686721991701243 0.517578125 0.42686721991701243 0.513671875 0.4237551867219917 0.512109375 0.41493775933609955 0.5140625 0.41493775933609955 0.51875
0 0.4118257261410788 0.58828125 0.4159751037344398 0.591015625 0.4196058091286307 0.59140625 0.4263485477178423 0.5875 0.4263485477178423 0.583984375 0.4196058091286307 0.580859375 0.4159751037344398 0.580859375 0.41234439834024894 0.583203125 0.4118257261410788 0.58828125
0 0.3407676348547718 0.544921875 0.3407676348547718 0.54921875 0.3454356846473029 0.551953125 0.3495850622406639 0.55234375 0.35114107883817425 0.54453125 0.34854771784232363 0.5421875 0.34439834024896265 0.5421875 0.3407676348547718 0.544921875
0 0.6374481327800829 0.6578125 0.642116182572614 0.660546875 0.6478215767634855 0.658984375 0.6509336099585062 0.655078125 0.6504149377593361 0.65234375 0.6452282157676349 0.649609375 0.6405601659751037 0.649609375 0.6369294605809128 0.651953125 0.6374481327800829 0.6578125
0 0.7442946058091285 0.662109375 0.7479253112033195 0.66484375 0.7557053941908713 0.665234375 0.7593360995850622 0.662109375 0.7603734439834025 0.6578125 0.7572614107883817 0.65546875 0.7484439834024896 0.6546875 0.7448132780082987 0.6578125 0.7442946058091285 0.662109375
0 0.6779045643153527 0.80078125 0.6815352697095436 0.804296875 0.6893153526970954 0.801953125 0.6929460580912863 0.7984375 0.6913900414937759 0.7953125 0.6867219917012448 0.793359375 0.6804979253112033 0.79375 0.6779045643153527 0.79609375 0.6779045643153527 0.80078125
0 0.42064315352697096 0.759375 0.4216804979253112 0.763671875 0.42686721991701243 0.766015625 0.43153526970954353 0.764453125 0.43412863070539415 0.7609375 0.4325726141078838 0.75703125 0.4284232365145228 0.755859375 0.42271784232365145 0.75703125 0.42064315352697096 0.759375
0 0.16597510373443983 0.708984375 0.1690871369294606 0.7109375 0.1737551867219917 0.71171875 0.17790456431535268 0.709375 0.17946058091286304 0.704296875 0.17738589211618255 0.701171875 0.1737551867219917 0.699609375 0.16701244813278007 0.703125 0.16597510373443983 0.708984375
0 0.24273858921161823 0.568359375 0.24636929460580909 0.572265625 0.2520746887966805 0.572265625 0.25570539419087135 0.569921875 0.2546680497925311 0.563671875 0.2474066390041494 0.562890625 0.24377593360995847 0.565234375 0.24273858921161823 0.568359375
0 0.20072614107883818 0.555859375 0.2095435684647303 0.554296875 0.21058091286307054 0.55078125 0.20850622406639002 0.546875 0.20280082987551867 0.546875 0.19968879668049794 0.54921875 0.20072614107883818 0.555859375
0 0.1187759336099585 0.4640625 0.12292531120331948 0.466015625 0.1270746887966805 0.466015625 0.13070539419087138 0.46328125 0.13070539419087138 0.45859375 0.1270746887966805 0.456640625 0.12188796680497924 0.456640625 0.11825726141078838 0.46015625 0.1187759336099585 0.4640625