1 0.06386617508894851 0.8731289560899722 0.07326190844993782 0.8885266759341232 0.09875149489983234 0.8961421632104345 0.14569976219413933 0.8983413246824032 0.883442879226112 0.8455785638757755 0.9598558809754495 0.8378857730737825 0.9708836958905417 0.8097041124834099 0.9691382086028966 0.7475651290810876 0.9308798821786196 0.17070368955005394 0.9275568105819844 0.15292343349652066 0.9039733673557974 0.14282518250283988 0.8688165065857758 0.13823517009854616 0.042651307388538166 0.20540416141159518 0.028191111297777533 0.206806895690738 0.018006428237889012 0.20986855130639892 0 0.22992114068044697 0 0.30497252576261624 0.0035794674570434836 0.35302051119681616 0.05602235285843462 0.8501827175857262 0.06386617508894851 0.8731289560899722
0 0.776454087169332 0.3490979479123415 0.7803481194844158 0.34530144084900105 0.7800211360137401 0.3406253593634081 0.7761540372324043 0.337371563454716 0.7705170383401423 0.3385488985490568 0.7661873431529662 0.3435506067274387 0.7664325807559729 0.3470576678416334 0.7718519057565926 0.35020292151939597 0.776454087169332 0.3490979479123415
0 0.3897605936537739 0.4105971313597232 0.3931917144742091 0.40761615195429146 0.39188441076912345 0.4037917788702504 0.38807180923290013 0.4013173298758238 0.38436820218690204 0.4004015747099281 0.37984776664183156 0.40267556868838084 0.3784590321578854 0.40512215166210686 0.3819722139347978 0.41075016905723877 0.3897605936537739 0.4105971313597232
0 0.7411983147509524 0.581028487412808 0.7450106011983675 0.5760629599780693 0.7420965740288853 0.5715677822106925 0.7337907855701478 0.5717570006518512 0.7308498248669177 0.574312125856507 0.7312040569601497 0.5793778807992327 0.7350439071189292 0.5822420032507921 0.7411983147509524 0.581028487412808
0 0.6800335135248498 0.54653923918835 0.6841182861978278 0.5454704463249388 0.6847443743390059 0.5395529829806611 0.6804416126855776 0.5375043881870105 0.6747773651707594 0.5382920498242185 0.6728167247019392 0.5399954666273225 0.6731437081726148 0.5446715481129154 0.6800335135248498 0.54653923918835
0 0.5564764627023775 0.43026553145179924 0.5580556224554093 0.42310668624883696 0.5547876782815038 0.42098572996789985 0.5464546412002099 0.4207852749519258 0.5435136804969799 0.4233404001565816 0.5451479676727411 0.43184085472621553 0.5529635960142734 0.43207749048583277 0.5564764627023775 0.43026553145179924
0 0.5168837480542294 0.4960783212598446 0.5213496863541872 0.4930249803671264 0.5226566749704645 0.4894093770220021 0.5207502166579486 0.484452164310206 0.5124171795766549 0.48425170929423206 0.5095579647410936 0.48797585487028605 0.5104296055740869 0.4930054290693685 0.5152770245898328 0.4954075165765087 0.5168837480542294 0.4960783212598446
0 0.591556619025664 0.5527261463513404 0.5956141430760857 0.5512676800307964 0.5972750486967866 0.5452778551992323 0.5944700160175296 0.5423413712603865 0.5897860887371214 0.5422773244960427 0.5852929018146074 0.5449409919316281 0.5844760733155351 0.5481307410759765 0.587853011979666 0.5518103911854447 0.591556619025664 0.5527261463513404
0 0.5294127579203849 0.5488485122450958 0.530229586419457 0.5456587631007473 0.5276967248769547 0.5391790373040637 0.5240476150760692 0.5390426290524333 0.5197179198888928 0.5440443372308152 0.5183836826500593 0.5472702671188069 0.5200721519821248 0.5491100921735409 0.5294127579203849 0.5488485122450958
0 0.475219507914186 0.5173959754674706 0.47930428058716396 0.5163271826040595 0.47971237974789166 0.5072923316027199 0.4720329945191408 0.5090040631287664 0.4685746250761492 0.5115953690770654 0.4708894976382013 0.5149577072166872 0.475219507914186 0.5173959754674706
0 0.5044133315876953 0.5408071707680084 0.5067006404383826 0.5363398590213322 0.5037593646463442 0.5314550077968226 0.49951110023802847 0.5301857599174374 0.4934656870962303 0.5329579695839525 0.4954266426538587 0.538694529210014 0.5007914704093661 0.5410604359735111 0.5044133315876953 0.5408071707680084
0 0.4282715557086874 0.5226367904246673 0.4279990694831244 0.5187400558533398 0.4247856225543313 0.5173984464866682 0.41612591709117036 0.5199618864142665 0.4164529005618459 0.5246379678998595 0.4202382534755129 0.5267227434371535 0.4282715557086874 0.5226367904246673
0 0.4261778230151695 0.596791604233761 0.43263165040650353 0.5924245199950716 0.4323864128034969 0.588917458880877 0.4254421102061493 0.5862704208911769 0.42182024902782 0.5865236860966794 0.4183618795848286 0.5891149920449783 0.41819870293829925 0.5942169277313473 0.42252871321428376 0.5966551959821308 0.4261778230151695 0.596791604233761
0 0.34943626235111447 0.562608431404334 0.35360278089176134 0.562708658912321 0.35461003465991936 0.5548066475387364 0.351859499225775 0.5526495105141562 0.34772022930768437 0.5529389564633019 0.34428910848724925 0.5559199358687337 0.34458884333536854 0.5602063438971938 0.34943626235111447 0.562608431404334
0 0.6585516802123899 0.6482855851147095 0.6613836464253946 0.6441717660815227 0.6606754973277393 0.6414802326252367 0.655310669572232 0.6391143258617398 0.65065399091438 0.6394399525545287 0.6471956214713886 0.6420312585028276 0.6481217595494944 0.6478401796161756 0.6529691785652404 0.6502422671233158 0.6585516802123899 0.6482855851147095
0 0.766608676043645 0.646994765751044 0.7700125482415239 0.6436241128884794 0.7707476308729271 0.6392653433727328 0.7674796866990214 0.6371443870917957 0.7586292408779665 0.6369801128194649 0.7552253686800875 0.6403507656820293 0.7550076947884455 0.6446733544541328 0.758820296324669 0.6471478034485594 0.766608676043645 0.646994765751044
0 0.7099173752489006 0.7880116109338362 0.7132939988242233 0.7842512846141391 0.7115237836244889 0.7812424391880068 0.7067308618538555 0.7796196985951319 0.7005492055992761 0.7804435409759833 0.6981256536358071 0.7829624854369959 0.6984526371064828 0.7876385669225888 0.7023197358878187 0.790892362831281 0.7099173752489006 0.7880116109338362
0 0.4456016796544936 0.7704691091610923 0.4501493638221201 0.7685847886397724 0.45249116991792004 0.7648968238073616 0.4506664574730731 0.761108631466964 0.44644544168731376 0.7602290570447113 0.44083569141760803 0.7617960655961851 0.4389295481939007 0.7642788293135544 0.4402641005215425 0.7684928758547281 0.4456016796544936 0.7704691091610923
0 0.18931865611564397 0.7339607015175316 0.19329443429839677 0.7313332148255893 0.1944924284244488 0.7261589176519341 0.19220480448495314 0.7231862529694449 0.18847394881639873 0.7218808243464165 0.18199287280250825 0.7258582351279731 0.1813667846613301 0.7317756984722508 0.18460748021267956 0.7335069812960551 0.18931865611564397 0.7339607015175316
0 0.2577196175670045 0.5893839850310161 0.26117798700999595 0.586792679082717 0.2597071915695725 0.5806302652558796 0.2524089719678015 0.5803574487526191 0.24895060252481005 0.5829487547009181 0.2481337740257378 0.5861385038452666 0.25202812142962994 0.5897819732110914 0.2577196175670045 0.5893839850310161
0 0.21482824414550256 0.5708464043801726 0.21248612296089422 0.567094392783418 0.20679462682351973 0.5674923809634934 0.20385366612028966 0.5700475061681491 0.20535171018326936 0.5765995934521194 0.2140386642689866 0.5744258269816538 0.21482824414550256 0.5708464043801726
0 0.1256124859492132 0.49211236390892543 0.1290436067696483 0.48913138450349364 0.1287166232989727 0.48445530301790074 0.12495851900786203 0.48276020093773964 0.11978443161024883 0.48312200837417174 0.1164078080349263 0.486882334693869 0.1171977030002506 0.4907428885215531 0.12147321603112264 0.4924018098580711 0.1256124859492132 0.49211236390892543