1 0.005698864616939825 0.791726444916044 0.01227806968491485 0.8085217907732541 0.03605799655426871 0.8204478019224393 0.08191113379418903 0.8307660342504363 0.8176084324414156 0.9069126061966635 0.8941963880990377 0.9126056646763923 0.9099503597313501 0.8867671067978888 0.9190217115475819 0.8252690534923444 0.9815155528085683 0.25052794676423706 0.9813304751985348 0.2324407674251628 0.9598588603493386 0.218400709615384 0.9260331585809245 0.20777550500800895 0.10075549220537286 0.1304619671226725 0.08627139673379094 0.1293324040163213 0.07570979097613734 0.13057899455021257 0.05183999764315813 0.149280118448043 0.048050878165210406 0.15555906936195946 0.036643931182337205 0.26905093906032207 0.001958780171653429 0.7677667458983233 0.005698864616939825 0.791726444916044
0 0.798457994747493 0.399396237604151 0.8029521244949164 0.3963335996290982 0.8034421016664834 0.3916717782445594 0.8001987685350043 0.38779590015072296 0.7944429662285479 0.3879764942943714 0.7893105113296394 0.39215037160764005 0.7889430284509641 0.39564673764604413 0.7937338541582235 0.39968526376363733 0.798457994747493 0.399396237604151
0 0.4069600231603534 0.392812489802417 0.41085665918725534 0.3904726060502018 0.4102333117797077 0.3864793228805816 0.4069083157863006 0.3833804150175017 0.4034199940690379 0.3818354476159346 0.39857335918687675 0.3832899291215557 0.39678087802531264 0.38545819179006824 0.39926339171241476 0.3916107645682552 0.4069600231603534 0.392812489802417
0 0.723463521201875 0.621681130431823 0.72808014524219 0.6174530371106355 0.7259909681207897 0.6125201356865022 0.7177785058142576 0.6112641944444215 0.714438532076913 0.6132698090891774 0.713907723474382 0.6183201155890943 0.7171918880368251 0.6218075085675526 0.723463521201875 0.621681130431823
0 0.6692169458462379 0.5770946951145415 0.6734252555769137 0.5767514529471363 0.6750693887585597 0.5710326082323006 0.6711877304755952 0.56826796947668 0.6654727596001029 0.5680600785049502 0.663246110441873 0.5693971549347875 0.6627561332703059 0.5740589763193263 0.6692169458462379 0.5770946951145415
0 0.5677277217159731 0.44113198955088817 0.5705260109076977 0.4343561215057556 0.5676760143419203 0.4316999147659727 0.5595043834663521 0.43005548840851376 0.5561644097290076 0.43206110305326967 0.5562977799649882 0.4407162076074287 0.5639535799819628 0.44230641795696873 0.5677277217159731 0.44113198955088817
0 0.517308238350333 0.49906973245367625 0.5222365360944221 0.4968382807172988 0.524151511548878 0.4935045627026516 0.5231348275756285 0.48829160817897777 0.5149631967000603 0.4866471818215188 0.511500728669824 0.4898182518124094 0.5114857509258863 0.4949227743202453 0.5158424086364803 0.4981301141991631 0.517308238350333 0.49906973245367625
0 0.5810098690267489 0.5678237577604084 0.5852590101883888 0.5670920304776249 0.5879348050872216 0.561481617778627 0.5856823022419655 0.5581026568160066 0.581080655945588 0.5572262276293583 0.5761931896324628 0.5590691942503574 0.5748348764675646 0.5620686431575456 0.5775215473094862 0.5662787903588413 0.5810098690267489 0.5678237577604084
0 0.5204834569043646 0.5532138653951154 0.521841770069263 0.5502144164879275 0.5204725809612758 0.5433933054948219 0.5169025963820852 0.5426253083240113 0.5117701414831766 0.54679918563728 0.5098959974596846 0.549744418536549 0.5112393328806455 0.5518494921371969 0.5204834569043646 0.5532138653951154
0 0.4725751998317677 0.512828604219184 0.47678350956244364 0.5124853620517787 0.47875429419180104 0.5036586364139172 0.47089433702000666 0.5040108516412682 0.46703853242406845 0.5059622502781053 0.4687343729797672 0.509675480348185 0.4725751998317677 0.512828604219184
0 0.4972601923245682 0.540953585138471 0.5002884923581389 0.536951328908905 0.49824014666770233 0.5316299423693935 0.4942768255228101 0.5296422738445293 0.4878418666339045 0.5313225924417718 0.48877688774522604 0.537312517196202 0.4936493763144137 0.5405740730830387 0.4972601923245682 0.540953585138471
0 0.4254304345449394 0.5098373730754545 0.4258387488545786 0.5059525219216722 0.4229070894268734 0.5040732854126457 0.41393380767596416 0.5050940388549156 0.413443830504397 0.5097558602394543 0.416809657928768 0.512466282987156 0.4254304345449394 0.5098373730754545
0 0.4104916620724481 0.5825020357710755 0.41760577754380296 0.5793219927202391 0.4179732604224783 0.575825626681835 0.4115941107084741 0.5720129376558634 0.40798329469831957 0.571633425600431 0.4041274901023815 0.573584824237268 0.4030808506412569 0.5785809147292661 0.40692167749325747 0.581734038600265 0.4104916620724481 0.5825020357710755
0 0.3408518238209339 0.5355121499854704 0.34493763925871795 0.5363343631641999 0.34730176045377703 0.5287273088803921 0.34496759474659305 0.5261253181485281 0.340840947877845 0.5256915900851769 0.33694431185094303 0.5280314738373921 0.3364951661103398 0.5323048101065526 0.3408518238209339 0.5355121499854704
0 0.6303934022968299 0.6735650042158289 0.6338967017580303 0.6700054491095602 0.6336666909161842 0.6672318372939936 0.6287942023469968 0.6639702814071569 0.6241517246196551 0.6634823373358867 0.620295920023717 0.6654337359727237 0.6201992794178516 0.6713152287113161 0.6245559371284457 0.6745225685902339 0.6303934022968299 0.6735650042158289
0 0.7370329179888556 0.6910576957090134 0.7409703854467216 0.6883293268414199 0.7424511929045117 0.6841644225880972 0.7396011963387343 0.6815082158483143 0.7309137346045727 0.6798095734829365 0.7269762671467067 0.6825379423505298 0.72601129054751 0.6867570626117716 0.7293362865409171 0.6898559704748515 0.7370329179888556 0.6910576957090134
0 0.6567155672515128 0.8200878370777744 0.6606938661403425 0.8169709830948026 0.6594730250122736 0.8137004541480201 0.6550347044397516 0.8112700844998587 0.6488039027056657 0.81100797752021 0.6459797598269147 0.8130678081728849 0.6454897826553475 0.8177296295574237 0.6487331157868267 0.8216055076512602 0.6567155672515128 0.8200878370777744
0 0.3994616444518817 0.75691390645601 0.4042674479030789 0.7558479100657671 0.40721408507472184 0.7526226240669576 0.4060749068085806 0.7485751248894186 0.4020707542327243 0.7469759414799325 0.3962741204953041 0.7475450207389593 0.3939658084751465 0.749659067399553 0.39454832445173027 0.7540408356845514 0.3994616444518817 0.75691390645601
0 0.15341175436223825 0.6764570635540089 0.15778338981676981 0.6745598809250908 0.1598616909950814 0.6696722224489304 0.15812501900841883 0.6663474774942288 0.15467752872211998 0.6644140249772837 0.1476042446817291 0.6672055829127419 0.1459601115000832 0.6729244276275776 0.14885093949682462 0.6751921492519821 0.15341175436223825 0.6764570635540089
0 0.24587903486397916 0.5459544945597352 0.2497348394599172 0.5440030959228981 0.24935648063815305 0.5376789020610085 0.2422165114797719 0.5361429077193873 0.23836070688383382 0.5380943063562245 0.2370023937189354 0.5410937552634125 0.24020489541945061 0.5453581184726272 0.24587903486397916 0.5459544945597352
0 0.20685829487951496 0.5202505325804198 0.20520328575478017 0.5161488173949619 0.19952914631025168 0.5155524413078539 0.1961891725729071 0.5175580559526097 0.19652669996370736 0.5242707349298776 0.2054591502836526 0.5236384666029861 0.20685829487951496 0.5202505325804198
0 0.13266994716513317 0.4272204852683994 0.1365665831920352 0.4248806015161842 0.1370565603636023 0.4202187801316454 0.13364990150826742 0.41789684249932185 0.12849159292233242 0.41735468242013274 0.12451329403350256 0.42047153640310453 0.12462081058245682 0.4244106035648058 0.1285433002963852 0.42678675720504816 0.13266994716513317 0.4272204852683994