1 0 0.6208421928471993 0 0.8828491086176294 0.17873345596954332 0.9069289512256795 0.6579403236029073 0.9572956225823444 0.863664297376698 0.9698842200724513 0.8961357877810627 0.9685837911788848 0.9105531981346541 0.9653858020081566 0.9208181079324715 0.9570380473816194 0.9245663959794553 0.951147581583081 0.9361760706576909 0.8903090934325096 0.9852566935582653 0.5176165165891098 1 0.3809728889552374 1 0.2847116400517832 0.9789472744586897 0.26007742662493616 0.09716232628054726 0.1646486572759569 0.06560000330047822 0.16722297353149593 0.03923271853645942 0.18487604715897535 0.037711079647705245 0.1894294365276763 0.02426256111663569 0.32234556199495046 0.0029879561249723714 0.5793421142316915 0 0.6208421928471993
0 0.5998766624734746 0.428014359172218 0.603609972776521 0.42722841588151556 0.6052541059581669 0.42150957116668 0.603910770537206 0.41940449756603215 0.5968116328097887 0.4174800181090327 0.5929558282138506 0.4194314167458696 0.5918683573217621 0.4248159923532461 0.5937683550322805 0.42658679684643463 0.5998766624734746 0.428014359172218
0 0.8384273041277591 0.4805814089547428 0.8432739390099202 0.4791269274491218 0.8453114087572677 0.4746277540883398 0.8435339053396413 0.4716914942490166 0.8364347676122239 0.46976701479201716 0.8304748081509479 0.4718900345125567 0.8300256624103447 0.4761633707817173 0.8323189966865648 0.47915384662895943 0.8384273041277591 0.4805814089547428
0 0.369967119862082 0.4470553264032609 0.37584541646143016 0.4457092769134777 0.3768512244915908 0.44110167153685775 0.37507372107396425 0.4381654116975346 0.3662637650469108 0.43763222467829144 0.3639554530267532 0.4397462713388851 0.36449713757237306 0.4445165247392618 0.369967119862082 0.4470553264032609
0 0.2734509401301955 0.4424099405456393 0.28108088646014384 0.4392841135027218 0.2859833305172064 0.43233662437388654 0.2712283927728145 0.4288219345673471 0.26621843216679764 0.43183035653448104 0.2654576127224206 0.43410705121883153 0.2680626207024145 0.4390941686508838 0.2734509401301955 0.4424099405456393
0 0.7131034002576495 0.5813145706722704 0.7172450248703351 0.5766437762277857 0.7204625043147879 0.5758036169291645 0.722024974634506 0.5708617424450854 0.7196908089273222 0.5682597517132214 0.7110033471931604 0.5665611093478435 0.7053142300046943 0.5710692557685714 0.7044717476983894 0.5741229206836784 0.7113667282709869 0.5779898257175689 0.7131034002576495 0.5813145706722704
0 0.7247904494194408 0.6834865336649889 0.7310620825844908 0.6833601555292594 0.7350403814733206 0.6802433015462876 0.7349736963553304 0.6759157492692082 0.7306170386447364 0.6727084093902904 0.7226754186110141 0.673837594848398 0.7196879500084074 0.6774513659625858 0.7200254773992076 0.6841640449398534 0.7177171653790501 0.6862780916004472 0.7247904494194408 0.6834865336649889
0 0.7837652671651958 0.7128588604146546 0.7877843974849899 0.7093535213163047 0.7867677135117404 0.7041405667926309 0.7785552512052083 0.7028846255505503 0.7741836157506766 0.7047818081794682 0.7725394825690308 0.710500652894304 0.777886970565848 0.7142049099044379 0.7837652671651958 0.7128588604146546
0 0.4334237619527143 0.5181402624022623 0.4369529151009409 0.5192967446884511 0.44518035515141063 0.515448163422696 0.44499117574052854 0.5122860664917512 0.4420595163128233 0.5104068299827248 0.43582871457873723 0.5101447230030762 0.4337245597133993 0.5103163440867788 0.4331120882489404 0.5161436208174522 0.4334237619527143 0.5181402624022623
0 0.5323584425951039 0.564281393477544 0.532659240355789 0.5564574751620605 0.524446778049257 0.5552015339199797 0.5251776420057589 0.5631338842513011 0.5306476242954677 0.5656726859153002 0.5323584425951039 0.564281393477544
0 0.5409328565200053 0.6315618582140324 0.541897833119202 0.6273427379527907 0.5391703308463164 0.6235210758668732 0.5355595148361619 0.6231415638114408 0.532883719937329 0.6287519765104387 0.5348912341968015 0.6344618481653285 0.5409328565200053 0.6315618582140324
0 0.45419714067467504 0.5537096495816007 0.4553254429977275 0.5479365888588461 0.4498962921389825 0.5450093020794686 0.4469904863983036 0.5478461029629 0.44598467836814304 0.55245370833952 0.44863051777910085 0.5570523406561939 0.45419714067467504 0.5537096495816007
0 0.4617181409962119 0.601240562501664 0.46342895929584804 0.5998492700639078 0.4615847707602313 0.5925854579475052 0.45139064788125294 0.5903356824429922 0.45208068040679095 0.5986565178896919 0.45548733926212587 0.6009784555220155 0.4617181409962119 0.601240562501664
0 0.5052153606427705 0.5893156842972098 0.5033711721071537 0.5820518721808071 0.5014303429656715 0.5806695528029968 0.4931362177972115 0.5801905817916724 0.4929170828984543 0.5872375298763995 0.5006395680334192 0.593155292503019 0.5052153606427705 0.5893156842972098
0 0.406995136753488 0.6108072331857676 0.4168775859286923 0.6110603671054704 0.4141242299687803 0.6025226676270952 0.40889923626485497 0.5976529552708266 0.40778591168574013 0.5983214934857453 0.4039559607768283 0.60498892951504 0.4050543076120056 0.6094249138079573 0.406995136753488 0.6108072331857676
0 0.3531854017359079 0.6067227088237142 0.3575978686214034 0.6044370410794178 0.3579653515000788 0.6009406750410137 0.35436951323386184 0.5954566404777454 0.35016120350318597 0.5957998826451506 0.3460195788905004 0.6004706770896353 0.3452179280151594 0.6031358568893641 0.34858375543953035 0.6058462796370657 0.3531854017359079 0.6067227088237142
0 0.5659962078345699 0.666011032995209 0.5670428472956945 0.661014942503211 0.560066203861169 0.6579250077000769 0.5557353998376013 0.6594337052136168 0.5549187712183229 0.6672034075211813 0.5624929083733696 0.6695705881014778 0.5659962078345699 0.666011032995209
0 0.552219794973855 0.7077685075442742 0.5583022487280227 0.7044800324775999 0.5546247475998778 0.699772968145088 0.5489914395863134 0.6987881069426018 0.5456922972799326 0.7004052364719795 0.543383985259775 0.7025192831325733 0.5429348395191719 0.7067926194017339 0.552219794973855 0.7077685075442742
0 0.5795586439017872 0.8595042949298934 0.5844869416458762 0.8572728431935159 0.5854519182450729 0.8530537229322743 0.5822494165445578 0.8487893597230596 0.577688601679144 0.847524445421033 0.5702219810730516 0.8490963320024376 0.5696095096085926 0.854923608733111 0.5738845044572587 0.8589079188427853 0.5795586439017872 0.8595042949298934
0 0.32650749957252595 0.8655080116735354 0.3313133030237232 0.8644420152832927 0.3336774242187822 0.8568349609994848 0.3317774265082639 0.8550641565062961 0.3267007807842568 0.8537450261963506 0.3201841590334233 0.8562023150243496 0.3187033515756331 0.8603672192776723 0.32091502298992525 0.864134665355671 0.32650749957252595 0.8655080116735354
0 0.12858413172734912 0.4263982720896699 0.1346665854815169 0.4231097970229956 0.13393572152501493 0.4151774466916742 0.1250441026360336 0.4154212299031875 0.12221995975728253 0.41748106055586237 0.12185247687860716 0.42097742659426646 0.12497331571719458 0.4260187600342375 0.12858413172734912 0.4263982720896699
0 0.165175308280698 0.5496482679169487 0.16886778715278036 0.5492508097416244 0.1707010997453084 0.5466940619577335 0.17024107806161637 0.5411468383266005 0.16369860262375655 0.5388880897621419 0.15885196774159532 0.5403425712677628 0.15582366770802464 0.5443448274973288 0.15914866370143166 0.5474437353604087 0.165175308280698 0.5496482679169487