1 0.008298755186721992 0.373046875 0.014004149377593362 0.630859375 0.022821576763485476 0.89921875 0.024896265560165977 0.919921875 0.03578838174273859 0.9328125 0.22302904564315354 0.93828125 0.7048755186721991 0.93828125 0.9107883817427386 0.929296875 0.9429460580912863 0.924609375 0.9569502074688796 0.919921875 0.9662863070539419 0.910546875 0.9693983402489627 0.904296875 0.9745850622406639 0.842578125 0.9844398340248961 0.466796875 0.9849585062240663 0.27890625 0.9839211618257261 0.2515625 0.9792531120331949 0.237890625 0.9512448132780082 0.211328125 0.06431535269709543 0.20859375 0.03319502074688797 0.214453125 0.008817427385892116 0.234765625 0.007780082987551867 0.239453125 0.008298755186721992 0.373046875
0 0.58350622406639 0.415625 0.5855809128630705 0.4171875 0.5918049792531119 0.41796875 0.5954356846473029 0.416796875 0.5964730290456431 0.4109375 0.5949170124481328 0.408984375 0.587655601659751 0.4078125 0.5840248962655601 0.41015625 0.58350622406639 0.415625
0 0.8257261410788381 0.441796875 0.8283195020746887 0.44453125 0.8345435684647302 0.4453125 0.8392116182572614 0.443359375 0.8407676348547717 0.438671875 0.8386929460580912 0.4359375 0.8314315352697095 0.434765625 0.8257261410788381 0.4375 0.8257261410788381 0.441796875
0 0.35840248962655596 0.454296875 0.3594398340248962 0.458984375 0.3651452282157676 0.4609375 0.37085062240663896 0.458984375 0.3713692946058091 0.454296875 0.3692946058091286 0.4515625 0.3604771784232365 0.451953125 0.35840248962655596 0.454296875
0 0.2598547717842324 0.458984375 0.2629668049792531 0.463671875 0.26867219917012447 0.46640625 0.27593360995850624 0.4625 0.2800829875518672 0.455078125 0.2650414937759336 0.453125 0.2603734439834025 0.456640625 0.2598547717842324 0.458984375
0 0.7110995850622406 0.55234375 0.7183609958506223 0.55546875 0.7204356846473028 0.55859375 0.7240663900414938 0.553515625 0.7271784232365145 0.55234375 0.7282157676348547 0.547265625 0.7256224066390041 0.544921875 0.7168049792531119 0.544140625 0.7116182572614107 0.54921875 0.7110995850622406 0.55234375
0 0.7380705394190871 0.66015625 0.7359958506224066 0.6625 0.7427385892116182 0.658984375 0.7489626556016598 0.658203125 0.7525933609958506 0.6546875 0.7520746887966805 0.650390625 0.7474066390041494 0.64765625 0.7396265560165974 0.649609375 0.7370331950207468 0.653515625 0.7380705394190871 0.66015625
0 0.7930497925311203 0.680859375 0.7987551867219918 0.683984375 0.804460580912863 0.68203125 0.808091286307054 0.678125 0.8065352697095435 0.673046875 0.7982365145228216 0.67265625 0.7940871369294605 0.675 0.7930497925311203 0.680859375
0 0.4351659751037344 0.5171875 0.4351659751037344 0.523046875 0.4356846473029045 0.525 0.4393153526970954 0.52578125 0.4470954356846473 0.52109375 0.4465767634854772 0.51796875 0.44346473029045647 0.51640625 0.4372406639004149 0.516796875 0.4351659751037344 0.5171875
0 0.5316390041493776 0.56015625 0.5373443983402489 0.562109375 0.5389004149377593 0.560546875 0.5383817427385892 0.552734375 0.5300829875518672 0.55234375 0.5316390041493776 0.56015625
0 0.5461618257261411 0.624609375 0.5487551867219918 0.630078125 0.5544605809128631 0.6265625 0.5549792531120332 0.622265625 0.5518672199170125 0.61875 0.5482365145228216 0.61875 0.5461618257261411 0.624609375
0 0.45176348547717843 0.5578125 0.45487551867219916 0.562109375 0.4600622406639004 0.558203125 0.4605809128630705 0.55234375 0.45487551867219916 0.55 0.45228215767634855 0.553125 0.45176348547717843 0.5578125
0 0.462655601659751 0.603125 0.46628630705394186 0.605078125 0.4725103734439834 0.6046875 0.47406639004149376 0.603125 0.47147302904564314 0.59609375 0.46109958506224064 0.594921875 0.462655601659751 0.603125
0 0.5020746887966805 0.5875 0.5103734439834025 0.592578125 0.5145228215767634 0.58828125 0.5119294605809128 0.58125 0.5098547717842323 0.580078125 0.5015560165975104 0.58046875 0.5020746887966805 0.5875
0 0.4154564315352697 0.614453125 0.41701244813278004 0.61875 0.4190871369294606 0.619921875 0.4289419087136929 0.619140625 0.42531120331950206 0.6109375 0.4196058091286307 0.606640625 0.41856846473029047 0.607421875 0.4154564315352697 0.614453125
0 0.3568464730290456 0.61875 0.3604771784232365 0.62109375 0.3651452282157676 0.621484375 0.3692946058091286 0.61875 0.3692946058091286 0.615234375 0.3651452282157676 0.61015625 0.36099585062240663 0.6109375 0.3573651452282157 0.616015625 0.3568464730290456 0.61875
0 0.5720954356846473 0.660546875 0.5798755186721991 0.662109375 0.5829875518672198 0.658203125 0.58350622406639 0.653125 0.5762448132780082 0.65078125 0.5720954356846473 0.652734375 0.5720954356846473 0.660546875
0 0.5643153526970954 0.696875 0.5643153526970954 0.701171875 0.5736514522821576 0.701171875 0.579356846473029 0.697265625 0.575207468879668 0.69296875 0.5695020746887967 0.692578125 0.5663900414937759 0.69453125 0.5643153526970954 0.696875
0 0.6063278008298755 0.845703125 0.6109958506224066 0.84921875 0.6167012448132779 0.84921875 0.6213692946058091 0.846484375 0.6218879668049793 0.8421875 0.6182572614107883 0.83828125 0.6135892116182572 0.8375 0.6063278008298755 0.83984375 0.6063278008298755 0.845703125
0 0.3573651452282157 0.87734375 0.35995850622406633 0.880859375 0.36566390041493774 0.881640625 0.37033195020746884 0.880078125 0.3718879668049792 0.872265625 0.3698132780082987 0.870703125 0.3646265560165975 0.869921875 0.35840248962655596 0.873046875 0.3573651452282157 0.87734375
0 0.11566390041493775 0.4609375 0.11929460580912862 0.465625 0.12292531120331948 0.465625 0.12863070539419086 0.46171875 0.1270746887966805 0.45390625 0.11825726141078838 0.455078125 0.11566390041493775 0.457421875 0.11566390041493775 0.4609375
0 0.16234439834024897 0.580078125 0.16597510373443983 0.5828125 0.17219917012448133 0.584375 0.17582987551867219 0.58359375 0.17738589211618255 0.580859375 0.1763485477178423 0.575390625 0.1696058091286307 0.573828125 0.16493775933609958 0.57578125 0.16234439834024897 0.580078125