1 0.06716533253911106 0.9469105152019477 0.07139272181457312 0.9672833622853183 0.08357260706684629 0.9789648349265029 0.27035918705259576 0.9648316476830725 0.7495660546859598 0.9144649763264077 0.95341178263541 0.8840060635289021 0.9849033186966402 0.875982849653391 0.9983407747070974 0.8698571960550417 1 0.8677994910693284 1 0.692007386916311 0.9783153502943976 0.4163410137965908 0.9591912628593422 0.2294254572917424 0.9553014009746803 0.20233993123110397 0.9492298231636014 0.18923089626413603 0.9185984194940053 0.16574157284603733 0.03624183128236798 0.2557315505797213 0.005904451231216745 0.2648117877855292 0 0.27088401384981925 0 0.443000426279721 0.030345014870803554 0.6809429130717239 0.06716533253911106 0.9469105152019477
0 0.5827274614686252 0.40882189236892474 0.5862157831858881 0.4072769249673577 0.5866349734386161 0.4013412162208464 0.584883323708016 0.3995614386677119 0.5775391973948152 0.3991550074324419 0.5741733699704442 0.4018654301801437 0.5742291791453457 0.4073584378033578 0.5764558283035753 0.4086955142331951 0.5827274614686252 0.40882189236892474
0 0.8269945034578594 0.4106427587393523 0.8314328240303814 0.40821238909119095 0.8324903394345947 0.4033879196828954 0.8301411959834732 0.40088538790692346 0.8227970696702723 0.40047895667165345 0.8174087502424913 0.4037947285664091 0.8178578959830943 0.4080680648355696 0.8207228702928095 0.4105163806036227 0.8269945034578594 0.4106427587393523
0 0.36180083366929655 0.4752476505210928 0.36727081595900546 0.4727088488570936 0.3672966696460318 0.46799281146463595 0.36494752619491033 0.465490279688664 0.35621923302978475 0.4668004369386637 0.35440089818119425 0.4693482116626086 0.35592253706994836 0.47390160103130957 0.36180083366929655 0.4752476505210928
0 0.2664279340044 0.4907706196093048 0.27324125171506985 0.4861267443446578 0.27659210139550316 0.4783117990891201 0.261428849341472 0.4779416377418772 0.25715385449280587 0.4819259478515515 0.2568830122199959 0.48431107455173983 0.26046797454312404 0.48864759988876516 0.2664279340044 0.4907706196093048
0 0.7253528295468277 0.5352309639411992 0.7284328369544512 0.5298011453858498 0.7314053278131204 0.5283103939922016 0.7319061809277764 0.5231516554764468 0.7290820380490254 0.5210918248237719 0.7202312505910078 0.5212365267276369 0.715603750607604 0.5268289933067429 0.7154145711967218 0.5299910902376876 0.7229628546647422 0.5323399470498489 0.7253528295468277 0.5352309639411992
0 0.7580272342240775 0.6327403502528917 0.7641355416652718 0.6313127879271082 0.7673788747967509 0.6274369098332719 0.7664138981975543 0.6232177895720302 0.7614856004534653 0.6209863378356528 0.7539522947293823 0.6237420035313275 0.7517814547460542 0.6278979347247045 0.7535072507896279 0.6343937496702965 0.7516889159410374 0.6369415243942416 0.7580272342240775 0.6327403502528917
0 0.8218201608235759 0.6492092671178573 0.8250226625240913 0.6449449039086427 0.8229443613457799 0.6400572454324823 0.8146502361773198 0.6405362164438066 0.8107685778943553 0.6433008551994274 0.8103493876416273 0.6492365639459386 0.8163501785338673 0.6517480687818565 0.8218201608235759 0.6492092671178573
0 0.43865018511609694 0.5315858323661513 0.4423426639881793 0.5319832905414754 0.4495901496955148 0.526508229038153 0.44874766738920985 0.5234545641230461 0.4454893565137931 0.5222259197090466 0.439340217641635 0.5232649969194518 0.4373177256382249 0.5238703460665056 0.4379301971026838 0.529697622797179 0.43865018511609694 0.5315858323661513
0 0.5450161861939213 0.5561489922897078 0.5436837267160493 0.5484335059900621 0.5353896015475894 0.5489124770013863 0.5377537227426484 0.5565195312851944 0.5436320193419966 0.5578655807749776 0.5450161861939213 0.5561489922897078
0 0.5673916237846302 0.6201764965510618 0.5674583089026205 0.6158489442739824 0.5639958408723841 0.6126778742830916 0.5603850248622295 0.613057386338524 0.5589341728923145 0.6191015271008732 0.562084967218777 0.6242692386765739 0.5673916237846302 0.6201764965510618
0 0.4663649071019254 0.5620589148011124 0.46626826649605996 0.55617742206252 0.46034913846574793 0.5544428874573586 0.4580966356204918 0.5578218484199791 0.45807078193346545 0.5625378858124367 0.4616149128256296 0.5664859260340839 0.4663649071019254 0.5620589148011124
0 0.48360378799287684 0.6069874593410682 0.4849879548448016 0.6052708708557984 0.48167383479448345 0.5985492188185849 0.47123472332972155 0.5984680836308284 0.4736396759557445 0.6064636230300146 0.4774546491207186 0.6080265365514734 0.48360378799287684 0.6069874593410682
0 0.5236711674384656 0.586279587853751 0.5203570473881474 0.5795579358165373 0.5181712296608816 0.5786093445020782 0.5099587673543494 0.5798652857441591 0.5112095639702937 0.5868038018130484 0.5199936663103208 0.5909866521862628 0.5236711674384656 0.586279587853751
0 0.43206563536533915 0.6277226276564667 0.4417847588166879 0.625915553275251 0.43731648275629087 0.6181368779077405 0.4311931975711592 0.6144599177256879 0.4302431987159001 0.6153453199722823 0.4278831793216896 0.6226633480966038 0.42987981763807326 0.6267740363420076 0.43206563536533915 0.6277226276564667
0 0.3785825517954706 0.634915032941546 0.38242337864747117 0.6317619090705472 0.3820558957687958 0.6282655430321431 0.3773984402975167 0.6236489645955773 0.3733534562906966 0.624859662889685 0.37027344888307306 0.6302894814450344 0.370043438041227 0.633063093260601 0.3738992426371652 0.635014491897438 0.3785825517954706 0.634915032941546
0 0.5990696669153508 0.6486619104611586 0.5990546891714132 0.6435573879533227 0.5915880685653208 0.641985501371918 0.5876655788513924 0.6443616550121605 0.5884822074706709 0.652131357319725 0.5963829960734292 0.6528720576624545 0.5990696669153508 0.6486619104611586
0 0.5942761688666998 0.6923711612953045 0.5995419940015891 0.6878899340544142 0.5949662013922379 0.6840503258486049 0.5892512305167454 0.6842582168203346 0.586360402520004 0.6865259384447393 0.5845420676714135 0.6890737131686844 0.5849912134120168 0.6933470494378449 0.5942761688666998 0.6923711612953045
0 0.6525652424652889 0.8351070913663851 0.656921900175883 0.8318997514874672 0.6569885852938733 0.8275721992103879 0.6529694549740795 0.8240668601120378 0.6482453143848101 0.8237778339525516 0.6412686709502846 0.8268677687556856 0.6418811424147436 0.8326950454863592 0.6468911030207604 0.835703467453493 0.6525652424652889 0.8351070913663851
0 0.4062921156760396 0.8935919037755294 0.4107712676795254 0.8915500192427463 0.41150213163602734 0.883617668911425 0.4092754824777976 0.8822805924815877 0.40403551102993485 0.8820457823300203 0.39817219217452415 0.885804255348073 0.39758967619794033 0.8901860236330714 0.40053631336958323 0.8934113096318809 0.4062921156760396 0.8935919037755294
0 0.12139779987769794 0.5052283476037612 0.12666362501258718 0.5007471203628711 0.1242995038175281 0.493140066079063 0.11565287351433037 0.49522719355981915 0.1133187078071464 0.4978291842916831 0.11368619068582175 0.5013255503300872 0.11778698386754341 0.5056078596591936 0.12139779987769794 0.5052283476037612
0 0.18281448645711454 0.6181773019264475 0.18634363960534117 0.6170208196402587 0.1876053121643742 0.6141387758088543 0.18600201041369221 0.6088084162093969 0.179132883528121 0.6079592838508299 0.17469456295559907 0.6103896534989911 0.17256455440323476 0.6149340698077462 0.17646119043013675 0.6172739535599615 0.18281448645711454 0.6181773019264475