0 0.5720954356846473 0.309765625 0.5757261410788381 0.31171875 0.5829875518672198 0.310546875 0.5871369294605808 0.306640625 0.5798755186721991 0.2984375 0.571058091286307 0.302734375 0.5720954356846473 0.309765625
0 0.4024896265560166 0.338671875 0.4113070539419087 0.341015625 0.41493775933609955 0.334765625 0.41286307053941906 0.33046875 0.40767634854771784 0.327734375 0.40145228215767637 0.33125 0.4024896265560166 0.338671875
0 0.7012448132780082 0.412109375 0.7048755186721991 0.415625 0.712655601659751 0.41484375 0.7147302904564314 0.409765625 0.7131742738589211 0.40703125 0.7048755186721991 0.40703125 0.7022821576763485 0.409375 0.7012448132780082 0.412109375
0 0.800311203319502 0.4 0.8065352697095435 0.404296875 0.8143153526970954 0.4 0.8158713692946058 0.3921875 0.808091286307054 0.3921875 0.8018672199170125 0.39453125 0.800311203319502 0.4
0 0.6524896265560166 0.45078125 0.6571576763485477 0.45625 0.6633817427385892 0.455078125 0.6690871369294605 0.451171875 0.6654564315352697 0.442578125 0.6613070539419087 0.4421875 0.6535269709543569 0.446875 0.6524896265560166 0.45078125
0 0.3392116182572614 0.42734375 0.34387966804979253 0.432421875 0.34906639004149376 0.432421875 0.35321576763485474 0.4296875 0.354253112033195 0.4265625 0.35114107883817425 0.421875 0.34439834024896265 0.42109375 0.33973029045643155 0.4234375 0.3392116182572614 0.42734375
0 0.5601659751037344 0.51015625 0.5700207468879668 0.509375 0.5679460580912863 0.50234375 0.5565352697095436 0.50390625 0.5601659751037344 0.51015625
0 0.4196058091286307 0.47734375 0.42064315352697096 0.483984375 0.42479253112033194 0.486328125 0.4310165975103734 0.4859375 0.43153526970954353 0.476953125 0.4284232365145228 0.475 0.4221991701244813 0.475390625 0.4196058091286307 0.47734375
0 0.44346473029045647 0.535546875 0.44813278008298757 0.531640625 0.45020746887966806 0.525 0.4470954356846473 0.522265625 0.44346473029045647 0.523046875 0.4393153526970954 0.528125 0.44346473029045647 0.535546875
0 0.48340248962655596 0.55390625 0.48547717842323646 0.555859375 0.49014522821576756 0.556640625 0.4948132780082988 0.55390625 0.4953319502074689 0.5484375 0.49273858921161817 0.545703125 0.4870331950207468 0.545703125 0.4844398340248962 0.548828125 0.48340248962655596 0.55390625
0 0.5005186721991701 0.57578125 0.5020746887966805 0.58046875 0.5057053941908713 0.5828125 0.5140041493775933 0.58359375 0.5155601659751037 0.575390625 0.5134854771784232 0.57265625 0.5051867219917012 0.571484375 0.5031120331950207 0.573046875 0.5005186721991701 0.57578125
0 0.654045643153527 0.608203125 0.6618257261410788 0.609375 0.6654564315352697 0.607421875 0.6639004149377593 0.599609375 0.6576763485477178 0.5984375 0.6530082987551867 0.601171875 0.654045643153527 0.608203125
0 0.595954356846473 0.63046875 0.6032157676348547 0.631640625 0.6068464730290456 0.629296875 0.6073651452282157 0.6234375 0.6037344398340249 0.620703125 0.5954356846473029 0.619921875 0.5933609958506223 0.621484375 0.595954356846473 0.63046875
0 0.6338174273858921 0.669921875 0.6364107883817427 0.673828125 0.642116182572614 0.674609375 0.6462655601659751 0.67265625 0.6478215767634855 0.669140625 0.645746887966805 0.665234375 0.6384854771784232 0.6640625 0.6348547717842323 0.666796875 0.6338174273858921 0.669921875
0 0.7650414937759336 0.662109375 0.7681535269709543 0.665234375 0.774896265560166 0.66484375 0.779045643153527 0.662109375 0.7795643153526971 0.654296875 0.7738589211618258 0.654296875 0.7655601659751037 0.657421875 0.7650414937759336 0.662109375
0 0.42686721991701243 0.665234375 0.4310165975103734 0.667578125 0.43672199170124476 0.666015625 0.4398340248962655 0.662109375 0.4351659751037344 0.65546875 0.42738589211618255 0.6578125 0.4258298755186722 0.66015625 0.42686721991701243 0.665234375
0 0.3200207468879668 0.650390625 0.3257261410788382 0.6546875 0.3303941908713693 0.655078125 0.3360995850622407 0.65078125 0.33454356846473027 0.6453125 0.32987551867219916 0.64296875 0.3205394190871369 0.646484375 0.3200207468879668 0.650390625
0 0.32261410788381745 0.737109375 0.32987551867219916 0.73984375 0.33143153526970953 0.738671875 0.33402489626556015 0.731640625 0.3303941908713693 0.728515625 0.3257261410788382 0.728515625 0.3200207468879668 0.731640625 0.32261410788381745 0.737109375
0 0.6156639004149377 0.7953125 0.6187759336099584 0.8 0.6224066390041494 0.800390625 0.6275933609958506 0.79765625 0.6296680497925311 0.79453125 0.6265560165975104 0.789453125 0.6167012448132779 0.79140625 0.6156639004149377 0.7953125
0 0.7479253112033195 0.784375 0.75 0.787109375 0.7557053941908713 0.788671875 0.7619294605809128 0.786328125 0.7634854771784232 0.7828125 0.7614107883817427 0.77890625 0.7567427385892116 0.77734375 0.7494813278008299 0.77890625 0.7479253112033195 0.784375
0 0.4071576763485477 0.826171875 0.4118257261410788 0.830078125 0.4159751037344398 0.8296875 0.42064315352697096 0.826171875 0.42012448132780084 0.82109375 0.4154564315352697 0.81875 0.41026970954356845 0.81953125 0.40767634854771784 0.82265625 0.4071576763485477 0.826171875
0 0.8620331950207468 0.73203125 0.8651452282157676 0.736328125 0.8703319502074688 0.7375 0.8770746887966805 0.7359375 0.8775933609958505 0.731640625 0.8739626556016598 0.7265625 0.8682572614107883 0.726171875 0.8630705394190871 0.7296875 0.8620331950207468 0.73203125
1 0.05809128630705394 0.8421875 0.06120331950207468 0.88984375 0.06639004149377593 0.9046875 0.0892116182572614 0.91953125 0.22821576763485477 0.919921875 0.5762448132780082 0.917578125 0.8848547717842322 0.912890625 0.9600622406639003 0.909765625 0.9849585062240663 0.9046875 0.9901452282157676 0.8734375 0.9948132780082988 0.773046875 0.9994813278008298 0.56171875 0.9994813278008298 0.2671875 0.9844398340248961 0.219140625 0.9688796680497924 0.20546875 0.9470954356846473 0.203515625 0.1421161825726141 0.206640625 0.08661825726141079 0.210546875 0.055497925311203324 0.21953125 0.04771784232365145 0.230078125 0.05809128630705394 0.8421875