0 0.6085467016099676 0.3239402547236399 0.61319934267145 0.3206495018268404 0.6071502537775131 0.3115156160186808 0.5978206275706289 0.3145435254147699 0.5978693157384678 0.32165071820978963 0.60119286489453 0.3240901320599325 0.6085467016099676 0.3239402547236399
0 0.4387617595688769 0.32453529877122317 0.4373052709191361 0.3199914997899881 0.4325495771972524 0.31656188335612007 0.425896802560404 0.3191770719152062 0.42589112623568026 0.3266710881745782 0.4342965560690016 0.330219177672476 0.4387617595688769 0.32453529877122317
0 0.7224375113413088 0.44526842429074165 0.7251987478125502 0.44052846012752445 0.7240384257095416 0.4376041402220384 0.7158204334378273 0.4364491767285939 0.7129261238975414 0.4384091914230055 0.7115183234156395 0.44097258523679017 0.7146244146014518 0.4449592929443417 0.7224375113413088 0.44526842429074165
0 0.8251737673871847 0.4447174354400544 0.8278019307893818 0.43719752180803173 0.8200975630346496 0.43611474353292756 0.8136078818754887 0.43756946169895716 0.8113059054286668 0.4427684345448668 0.8168713902142647 0.44788971527282406 0.8251737673871847 0.4447174354400544
0 0.6680436394940652 0.4782536453766889 0.6742371541064941 0.4751794481349102 0.6718378013239945 0.4661640353907804 0.6677831696807 0.4651997301797059 0.6594264280152176 0.4687588334768278 0.657855534055628 0.472482697683669 0.661717051812592 0.47854789314966195 0.6680436394940652 0.4782536453766889
0 0.3599403227715135 0.41207364213005127 0.3644298703553083 0.4099433596263083 0.3658920353297728 0.4069931423481714 0.3634626621386302 0.4019181494659036 0.35689427240298743 0.4002060946987756 0.351945464794773 0.40187736851982603 0.35088819535216564 0.40567341794500755 0.354804077601692 0.41135178994664845 0.3599403227715135 0.41207364213005127
0 0.5669586247692854 0.5117772043886901 0.5554414274254282 0.5117364234426126 0.5581669671633028 0.5184308954006294 0.5680345619710886 0.5190287676203904 0.5669586247692854 0.5117772043886901
0 0.4274272022772778 0.47599432208833276 0.433645060973626 0.47647372124406406 0.43540906881954616 0.4676489667823042 0.43259914418046597 0.46528173815050167 0.4263812854841178 0.4648023389947705 0.4235413404363945 0.46637553022483 0.4236443930967958 0.47309589955549747 0.4274272022772778 0.47599432208833276
0 0.4472127188457128 0.5178269207578722 0.4445115231917575 0.5146860451973652 0.4408074225877575 0.5149543955976876 0.43599168804858746 0.5194056188875436 0.43906775882575666 0.5273327464569573 0.4442340244042212 0.524114178778498 0.4472127188457128 0.5178269207578722
0 0.4823582827557731 0.5547178831826002 0.48736145485655 0.5526597858971974 0.4886361822694075 0.5473164426146073 0.4864486111324345 0.5442477522724406 0.4807987414456309 0.5434537148706975 0.47779570292021994 0.5461873764938134 0.4760617154829429 0.5510717110937111 0.4778443910880588 0.5532945692888332 0.4823582827557731 0.5547178831826002
0 0.4941245972635482 0.5828006118444045 0.5022338605501374 0.5847292222665532 0.5049163884448967 0.5768224851701784 0.503242441824906 0.5738259800463521 0.49518754303087925 0.571510546159851 0.49291558699270055 0.5727690991438986 0.48996691295985223 0.5751159373026624 0.4908554126000483 0.5799743745299094 0.4941245972635482 0.5828006118444045
0 0.6488959854626087 0.6294035373473986 0.6484424017629129 0.6214505124053342 0.6424420010368148 0.6194238193921943 0.6374388289360378 0.621481916677597 0.6374875171038766 0.6285891094726168 0.6450287913809213 0.6308323581407775 0.6488959854626087 0.6294035373473986
0 0.5878120034601253 0.6429087216786684 0.5891410953655454 0.6371785549317261 0.585926275194608 0.633965494152879 0.5778170119080188 0.6320368837307301 0.5755450558698401 0.6332954367147776 0.5768627951258127 0.642553302486579 0.5838904448858752 0.6447243659363997 0.5878120034601253 0.6429087216786684
0 0.616432189477658 0.6926888383906602 0.6208130080763279 0.6913322028156215 0.622843162060337 0.6880673472914728 0.6213323089180337 0.68391037177459 0.6143046591579713 0.6817393083247694 0.6103287360911585 0.6839417760468527 0.6088665711166941 0.6868919933249895 0.6108910487759794 0.6911211540602127 0.616432189477658 0.6926888383906602
0 0.7492791781391497 0.7014976676769682 0.7537687257229445 0.6993673851732252 0.755369640091177 0.6917031011045219 0.7497197704043735 0.6909090637027788 0.741066862192159 0.6928486879241518 0.7399008637644265 0.6974183842780375 0.7425476949258192 0.7009460833028966 0.7492791781391497 0.7014976676769682
0 0.41423289958910525 0.6555933757121603 0.4178582916166233 0.6521582523786802 0.414159867337347 0.6449325865196307 0.4061293126272397 0.6461707490306394 0.40426225212091815 0.6482751341617317 0.4045827627515696 0.6534482096349905 0.40836557193205164 0.6563466321678258 0.41423289958910525 0.6555933757121603
0 0.3104620793995168 0.6299643489505413 0.3167099585045082 0.6265033282444106 0.31593018784943705 0.6208712440884592 0.3116337541519729 0.6179006363372836 0.3018992324132317 0.620082713586328 0.30084196297062427 0.6238787630115097 0.30589382323924 0.6289278585211265 0.3104620793995168 0.6299643489505413
0 0.29985532702510065 0.7128889407585876 0.30340201047613674 0.7062870444919498 0.300241554797762 0.7026871602487503 0.29561893414492274 0.7020374932836878 0.28953414851761894 0.7043380435967622 0.29134116820665434 0.710114498189394 0.2981513599964666 0.7138328554966232 0.29985532702510065 0.7128889407585876
0 0.5794090912272034 0.81450295561513 0.5849258878449625 0.8125170435480676 0.5874153018533913 0.8097111967066113 0.5850402931548113 0.8042493803599914 0.5750096048693378 0.8048119785332869 0.5734387109097484 0.8085358427401281 0.5758680841008909 0.8136108356223959 0.5794090912272034 0.81450295561513
0 0.7130415268684898 0.8214498527980174 0.7195312080276506 0.8199951346319878 0.7215613620116598 0.8167302791078391 0.7200505088693564 0.8125733035909561 0.7156453461867672 0.810376342768485 0.7082371449787672 0.8109130435691296 0.7059351685319454 0.8161120164150393 0.7076091151519364 0.8191085215388657 0.7130415268684898 0.8214498527980174
0 0.3709091965261213 0.8147849985421107 0.3760210976120234 0.8119532543280036 0.3762142114983541 0.806852364073085 0.37191777780088986 0.8038817563219094 0.3666728036459434 0.8039335510672109 0.3636697651205325 0.806667212690327 0.3626668601704876 0.8100764386511562 0.3667458358977016 0.8145943402597406 0.3709091965261213 0.8147849985421107
0 0.8336742936472341 0.7867289122210849 0.840568870338252 0.7861200262020999 0.8416805042734218 0.7819371533125663 0.8387918710578598 0.776403151747606 0.8331963658636188 0.7752222908815107 0.8275708402607345 0.7779818498772775 0.8262174042713951 0.7801584202267099 0.8287011419551001 0.7848465896446255 0.8336742936472341 0.7867289122210849
1 0.014288289508152608 0.8404022665363777 0.034821917537990896 0.8582777077887329 0.17241892359664246 0.878010169768281 0.517387161447035 0.9241255104884976 0.82364612296216 0.9624338338287398 0.8985565938650708 0.9698061027732635 0.9239173090835265 0.9682422882170189 0.9334027136583499 0.9380182632522475 0.9519970088997584 0.839254299878801 0.986030820028924 0.6306324726293362 1 0.5312365924166053 1 0.2723532002267003 0.9840069834935635 0.2686246487660223 0.1864268171967785 0.1596877776167207 0.130925348954064 0.15583219389783215 0.09885749460619737 0.16039802047751522 0.08968528555227709 0.16975947573991976 0.014768616046442334 0.7773555487465851 0.011217895055707083 0.8249811227075922 0.014288289508152608 0.8404022665363777