0 0.605457503189747 0.32207266832168635 0.6100520040744206 0.31870121683968045 0.6038444281985459 0.30967429332452256 0.5945690672443579 0.31286456598381507 0.5947417856140398 0.3199698265932539 0.598107402219449 0.32235086497816595 0.605457503189747 0.32207266832168635
0 0.4357088051682675 0.3256307775566108 0.434173238122213 0.3211130898498554 0.4293584136555899 0.3177669940629076 0.4227522936021854 0.32049789124300726 0.42287740675959967 0.32799086519293086 0.43134347910523785 0.33139171932188144 0.4357088051682675 0.3256307775566108
0 0.7214484353267003 0.4413946903199942 0.7241265274671782 0.436607257855112 0.7229153456673026 0.43370363375065163 0.7146784481433084 0.4326922699049658 0.7118187863934543 0.43470249874609823 0.7104559377170816 0.4372900716487818 0.7136311334734204 0.4412219633956334 0.7214484353267003 0.4413946903199942
0 0.8241594280618016 0.43905079049122026 0.8266559505929033 0.4314861544025884 0.8189338591641585 0.43053800079725796 0.8124705547475569 0.4321057579559029 0.8102596634900611 0.43734411400162526 0.8159136792981128 0.44236748363122347 0.8241594280618016 0.43905079049122026
0 0.6676385194144173 0.4753241915561781 0.6737774385848397 0.4721423707952382 0.6712211105879802 0.46317020562208305 0.6671502670382508 0.4622768103587552 0.6588569130622943 0.4659812168392434 0.6573512487491187 0.4697319297633816 0.6613180306346187 0.4757288086933683 0.6676385194144173 0.4753241915561781
0 0.35842712800465326 0.41453141215270206 0.36287881325252397 0.4123231006921507 0.36428926714116433 0.4093478144489823 0.36177169311687807 0.4043159929210313 0.3551744243031679 0.4027188331154418 0.35025553817231525 0.40447622099515296 0.3492646799543892 0.4082901441596465 0.3532790670521568 0.41389930974914824 0.35842712800465326 0.41453141215270206
0 0.5671539672040982 0.5106068215294625 0.5556378122595353 0.5107670496035839 0.5584797715300007 0.5174129347338298 0.5683562977642793 0.517838502619612 0.5671539672040982 0.5106068215294625
0 0.4270192986181683 0.47726454823150055 0.4332445769734317 0.47763535777528016 0.43485430295083694 0.468781161184483 0.4320034924406772 0.4664633330399264 0.4257782140854138 0.46609252349614677 0.4229661575478274 0.46771503899679445 0.42318648112977686 0.4744325862657483 0.4270192986181683 0.47726454823150055
0 0.4475318812709051 0.5187454707169178 0.4447762811852806 0.5156522158913914 0.44107742809399786 0.5159851708898736 0.4363401115725213 0.5205197623933342 0.4395540613014335 0.5283919977853901 0.44466336828135666 0.5250837565437394 0.4475318812709051 0.5187454707169178
0 0.4833159284114495 0.5550174398035572 0.4882824197545698 0.5528723385833614 0.48946369882156643 0.5475075620569282 0.48722290483119146 0.5444775174717572 0.48156003778344536 0.5437822048278481 0.478605165609056 0.5465678603499504 0.47695668565907756 0.5514817132955433 0.4787778839787379 0.5536731209593893 0.4833159284114495 0.5550174398035572
0 0.49557056204700733 0.582890540826706 0.5037122491464665 0.5846773313533616 0.5062563768898357 0.576724981924245 0.5045303889947106 0.5737581475794293 0.49643630710751907 0.5715836437122889 0.49418666187745003 0.5728816561128068 0.4912793949153283 0.5752795982944243 0.49225255065386564 0.5801217891013091 0.49557056204700733 0.582890540826706
0 0.6511317110110378 0.6267852353067072 0.6505393969706417 0.6188413377759433 0.6445045394644489 0.6169196748702241 0.6395380481213285 0.6190647760904201 0.6397107664910104 0.6261700366998589 0.6472900422829523 0.628281330326644 0.6511317110110378 0.6267852353067072
0 0.5902927303608402 0.6413544252137047 0.5915216146401043 0.6356019353467867 0.5882512084592302 0.6324454702809048 0.5801095213597711 0.6306586797542492 0.577859876129702 0.6319566921547672 0.5793389867237946 0.6411901501876967 0.5864034564204867 0.6432382335741265 0.5902927303608402 0.6413544252137047
0 0.6197773402147704 0.6906274690541171 0.6241338150381059 0.6891945842745354 0.6261066802342634 0.6858947949312375 0.6245235079759414 0.6817648205649671 0.6174590382792491 0.6797167371785374 0.6135221591266281 0.681988258879444 0.6121117052379876 0.6849635451226124 0.6142096835915596 0.6891567297292382 0.6197773402147704 0.6906274690541171
0 0.7527578309053713 0.6971164570729687 0.757209516153242 0.6949081456124173 0.7586764264938444 0.6872170890430749 0.7530135594460983 0.6865217763991659 0.7443958202239627 0.688612119277359 0.7433097515815014 0.6932014691228223 0.7460177464548582 0.6966824372888338 0.7527578309053713 0.6971164570729687
0 0.4169614411657977 0.6570665203827242 0.42052632985997185 0.6535686484200074 0.4167023636112749 0.6464086294685659 0.4086946409089244 0.6477867559061448 0.4068645913495696 0.649923405227988 0.40727533578058966 0.6550900991350023 0.4111081532689811 0.6579220611007546 0.4169614411657977 0.6570665203827242
0 0.3127591375831136 0.6332524475762968 0.31894566196580376 0.6296829134748722 0.31806771665180167 0.6240652959870175 0.3137200930681606 0.6211701237809099 0.30402513644325824 0.6235217595188773 0.30303427822533224 0.6273356826833709 0.3081734879381344 0.6322958420726137 0.3127591375831136 0.6332524475762968
0 0.30360123434833886 0.7163495229207744 0.3070321586454045 0.7096867339938232 0.30380935767679806 0.7061425555874564 0.29917610281955126 0.7055736634242582 0.293132394073664 0.7079800575042283 0.2950399515781653 0.7137240954727936 0.301914000425787 0.7173230322211629 0.30360123434833886 0.7163495229207744
0 0.5848858302451052 0.8130691755567481 0.590367127683475 0.8109872845769075 0.5928071937626147 0.8081384188144499 0.5903372249505962 0.8027188839460141 0.5803178830795146 0.8034564560816865 0.5788122187663389 0.8072071690058248 0.5813297927906251 0.8122389905337755 0.5848858302451052 0.8130691755567481
0 0.7186191530922937 0.8176828071135306 0.7250824575088954 0.8161150499548857 0.7270553227050531 0.8128152606115877 0.7254721504467309 0.8086852862453174 0.7210293164385545 0.8065655407201795 0.713631610255989 0.807231450717144 0.7114207189984931 0.8124698067628664 0.7131467068936183 0.815436641107682 0.7186191530922937 0.8176828071135306
0 0.3764226134156724 0.8169900004316789 0.3814843151833279 0.8140694725305131 0.3815883768475576 0.8089659888638542 0.3772407532639165 0.8060708166577466 0.3719974818868848 0.8062141409351626 0.3690426097124954 0.8089997964572649 0.368099356706837 0.8124260062812736 0.37225655944140756 0.8168720318493208 0.3764226134156724 0.8169900004316789
0 0.8386275829495263 0.7808618226285461 0.8455104830368423 0.7801327023912262 0.8465489464670359 0.7759310658862477 0.8435641715597677 0.7704483207774565 0.837948909724289 0.7693652947930627 0.832372401861384 0.772222612453873 0.8310571583972788 0.7744224720160716 0.8336223376338328 0.7790665802035377 0.8386275829495263 0.7808618226285461
1 0.02030310446202342 0.8488272598052606 0.04114557458683775 0.8663416173193227 0.17906600290147584 0.8836696750750459 0.5247865240875956 0.9237574663105879 0.8316674133083479 0.9567149992362125 0.906695138817688 0.9627787773638616 0.9320246991491505 0.9607725954746155 0.940981177083058 0.9303876306393779 0.9578489714930871 0.8313141942979592 0.9882366461871248 0.6221301692588311 1 0.5263253406519397 1 0.2645314517506709 0.9798952102163323 0.26021280175829375 0.18053530869073703 0.16521221545064338 0.12497500437634834 0.162325853137468 0.09299171877921386 0.16745064554729855 0.08398428661924298 0.17697075213506003 0.019683040900850674 0.7857817614819922 0.016964041575697038 0.8334620504632811 0.02030310446202342 0.8488272598052606