1 0.11813518874947122 0.9868241809718417 0.13980193479512404 0.9976302963571408 0.1550859933130923 0.9979779986312115 0.22241652275042062 0.9920598206866569 0.3131289087997438 0.9812518378995799 0.8724612130189758 0.8954307632687101 1 0.8722157009583243 1 0.5724502006707424 0.9852869757228083 0.4804847514686923 0.9450132138125655 0.252730928370134 0.93243019847737 0.1898628350908001 0.9246186162723793 0.17369832381690536 0.9114305612501766 0.1666907401660645 0.8519676507072347 0.1725492922646279 0.08195420812842387 0.30083534744601736 0.029226378738619063 0.31274606290129764 0.021969831973295918 0.3166638463277388 0.010008991732730482 0.33398253071572853 0.02140850316079106 0.4357965031955879 0.03579719749775177 0.53990549494172 0.10925628462110193 0.9506585132056193 0.11813518874947122 0.9868241809718417
0 0.38384358460117884 0.35347629171273526 0.3881251981095872 0.3539846333228028 0.3914667746439401 0.351873402834564 0.3917580610564863 0.3470813373220074 0.39024463038581325 0.3441570876736645 0.3857796952386859 0.34249129878946194 0.3847551222712635 0.3426535752054788 0.3805722944082074 0.34608452938386935 0.38142779538889615 0.351485949996499 0.38384358460117884 0.35347629171273526
0 0.4678930996758381 0.41333058141386037 0.4723814636034259 0.41182870602569466 0.4741250734737389 0.409575074403436 0.47408739504129294 0.4060215943730229 0.47073156885495465 0.4014116805584803 0.4661209905015542 0.4021419244305561 0.4628781996125536 0.40819245070725296 0.4640626654382345 0.4123552858377392 0.4678930996758381 0.41333058141386037
0 0.357753429515028 0.5169927247976938 0.36158386375263163 0.5179680203738148 0.3663400853123053 0.5148417437454608 0.3669369077893832 0.5119787570231291 0.36466676178337354 0.5075923825506147 0.3607752203328637 0.5062312712164487 0.3597506473654414 0.5063935476324655 0.3559578915602837 0.5089717320867578 0.3548487825994946 0.5119158570170979 0.357753429515028 0.5169927247976938
0 0.7156858973758427 0.4294532444002255 0.720747655000048 0.42825604656209626 0.7232103017732515 0.42391105973359605 0.722086943160477 0.4201340403611546 0.7187076881936783 0.41869179081898034 0.7140971098402777 0.4194220346910561 0.7107555333059248 0.42153326517929496 0.7097075315580421 0.4248632058676799 0.7156858973758427 0.4294532444002255
0 0.6781860898146104 0.4579357992494626 0.6818708808459407 0.46130712758186176 0.686932638470146 0.46010992974373266 0.6901520005786862 0.4572270677394039 0.6892964995979974 0.4518256471267742 0.6844414923929716 0.4510126279666701 0.683868098696354 0.4507079504166335 0.6803432005232822 0.4516617336307374 0.677575017685547 0.45407764166901277 0.6781860898146104 0.4579357992494626
0 0.558212266980844 0.47298284413497427 0.5607502706189395 0.4757448173673004 0.565092991340254 0.476638974735413 0.5690690687841309 0.47521823755525566 0.5710805362865297 0.47134020469280885 0.5704083569445599 0.4670962313543141 0.5674191740356597 0.46480121208804126 0.5658823145845261 0.4650446267120666 0.5599793056316175 0.4675615482403475 0.5582356957613045 0.46981517986260607 0.558212266980844 0.47298284413497427
0 0.43812130024477547 0.5038682103823272 0.441951734482379 0.5048435059584482 0.4505383902796563 0.5026925249062151 0.45068403348592945 0.5002964921499368 0.44802381542202135 0.49676288740152075 0.44560802620973866 0.49477254568528456 0.4418998063979478 0.49456888162525353 0.44138751991423664 0.4946500198332619 0.4384971226506885 0.49629429635544736 0.43642454793538343 0.4997865134598493 0.43812130024477547 0.5038682103823272
0 0.4389258350595788 0.542103720992774 0.4441332358900573 0.5385104903983666 0.4433388421222749 0.5334948855437819 0.4403496592133746 0.5311998662775091 0.43664143940158373 0.5309962022174781 0.43510457995045027 0.5312396168415033 0.4320685394806292 0.5352799261199671 0.4329240404613179 0.5406813467325967 0.4389258350595788 0.542103720992774
0 0.5713870342696071 0.5163779978140455 0.5779856513449462 0.5149373853518912 0.5812661206663926 0.5124403391056073 0.5812284422339467 0.508886859075194 0.5776047584155226 0.5059013465008397 0.5743477178745365 0.5052307284747554 0.5733231449071142 0.5053930048907722 0.56784788644455 0.510610636725368 0.5680077793028084 0.514935748271871 0.5713870342696071 0.5163779978140455
0 0.5396119845460751 0.5577961367387978 0.5397341989718878 0.5585677682548877 0.5440769196932024 0.5594619256230002 0.5457971007830549 0.56037595827311 0.5463093872667661 0.5602948200651016 0.5469438881762899 0.560985313373183 0.5473950674470948 0.5605183594071297 0.5493831061690331 0.559807990817051 0.5502243574977365 0.5584882671268993 0.549429963729954 0.5534726622723147 0.547319710582203 0.5534113993463033 0.5456606367052568 0.5528831824542386 0.5410500583518563 0.5536134263263144 0.5396354133265355 0.5546284724664295 0.5400631638168798 0.5573291827727445 0.5396119845460751 0.5577961367387978
0 0.5395049816907938 0.606854363856501 0.5396883033295128 0.6080118111306361 0.5402616970261301 0.6083164886806725 0.5405061258777556 0.6098597517128523 0.541079519574373 0.610164429262889 0.5412017340001858 0.610936060778979 0.5429830223029446 0.6122359091871336 0.5468368853210086 0.6100435404908864 0.547861458288431 0.6098812640748695 0.5483126375592358 0.6094143101088161 0.5503617834940805 0.6090897572767824 0.5508129627648852 0.608622803310729 0.5504463194874473 0.6063079087624592 0.5491773176683995 0.6049269221462961 0.5454079906437023 0.6043374423282202 0.5442612032504673 0.603728087228147 0.54208984288981 0.6032810085440907 0.5415775564060988 0.6033621467520991 0.5406140906515828 0.6039102389261609 0.5388704807812699 0.6061638705484196 0.5395049816907938 0.606854363856501
0 0.4617362218120479 0.6231266672622388 0.46837251731983265 0.6252395348304977 0.4704216632546774 0.624914981998464 0.474031097421116 0.6211793502700368 0.4727855243825288 0.6166306993815056 0.4694673766286363 0.615574265597376 0.46690594421008047 0.6159799566374182 0.46338104603700864 0.6169337398515221 0.4611862568958909 0.6196543254398341 0.4617362218120479 0.6231266672622388
0 0.6148120567148816 0.6380357616102753 0.6164945593722883 0.6353963142299718 0.6158834872432248 0.6315381566495221 0.6134676980309421 0.6295478149332858 0.608734905251729 0.6295064272892716 0.6051488998657508 0.6300743947453306 0.6031985395762584 0.6343382433658225 0.6050175063114631 0.6391915718043903 0.6148120567148816 0.6380357616102753
0 0.44600194594182063 0.6663546332852333 0.4528449918687848 0.6664572838552588 0.4556131747065201 0.6640413758169834 0.45789249984100466 0.6585389417143482 0.45471999529338547 0.6550864751739406 0.4478158421535149 0.6545980088458702 0.44627898270238137 0.6548414234698953 0.44305962059384124 0.6577242854742241 0.4441595504261554 0.6646689691190337 0.44600194594182063 0.6663546332852333
0 0.371865087091428 0.632614926359164 0.37131512217527096 0.6291425845367592 0.3679358672084722 0.6277003349945848 0.3653744347899163 0.628106026034627 0.35748338711506933 0.6313333161529865 0.36518193402272237 0.6368373873356415 0.371865087091428 0.632614926359164
0 0.45754710057615416 0.7657725730088145 0.46053628348505454 0.7680675922750873 0.4661103275929711 0.7667892562289496 0.46984197618522233 0.7638252560166124 0.46937654726243216 0.7575710656798844 0.4669607580501494 0.7555807239636482 0.46382593193497595 0.7556817374536537 0.4622890724838425 0.7559251520776791 0.4583129950399659 0.7573458892578364 0.4571427788662703 0.7599041984301314 0.45754710057615416 0.7657725730088145
0 0.6594816902801975 0.7211334619640247 0.6672270947487713 0.7203022046019434 0.6697508487348813 0.7163430335314881 0.6686274901221068 0.7125660141590467 0.6626868027367523 0.7115294556569145 0.6606376568019076 0.7118540084889482 0.6572349730546484 0.713579423219142 0.6564925073712973 0.7188384426977519 0.6594816902801975 0.7211334619640247
0 0.7488354679935957 0.6951163881971769 0.7536293679857151 0.6955435915992361 0.7598002345707098 0.6914022688307668 0.7616283804343895 0.686366788694185 0.759724877705818 0.6842953087699405 0.7538452975333698 0.6836445660258532 0.7512838651148138 0.6840502570658952 0.7455641778006241 0.6877246258683111 0.7457240706588828 0.6920497374148142 0.7488354679935957 0.6951163881971769
0 0.8262527961654348 0.7263590488769625 0.8305955168867494 0.7272532062450751 0.835718381723861 0.7264418241649908 0.8390599582582141 0.724330593676752 0.838326671703338 0.7197008045802123 0.8337395221303978 0.7172633841799199 0.8301535167444196 0.7178313516359788 0.8256651528168317 0.7193332270241445 0.824617151068949 0.7226631677125296 0.8262527961654348 0.7263590488769625
0 0.6513766368947878 0.8224772063177908 0.6530968179846403 0.8233912389679006 0.6557193576161023 0.8233713636859032 0.6625858323235271 0.8203063499835606 0.66432944219384 0.818052718361302 0.6644750854001131 0.8156566856050237 0.6581066475244143 0.8119194167965766 0.6570820745569919 0.8120816932125935 0.6540694628676312 0.812954338218689 0.6507044575528179 0.818233232979296 0.6513766368947878 0.8224772063177908
0 0.36036023571439657 0.8650102284361593 0.3661176014610322 0.8648893396641567 0.3720440391944013 0.8592047538635075 0.37215200396822856 0.8532552410768162 0.36819935530481235 0.851508313984605 0.36051505804914474 0.8527253871047314 0.3599416643525273 0.8524207095546948 0.35741791036641724 0.8563798806251501 0.3578222320763012 0.8622482552038331 0.36036023571439657 0.8650102284361593
0 0.8370395725581213 0.5391638163372207 0.8410533284344439 0.5412965591874765 0.8484086608451193 0.5413180715494936 0.8540672409464026 0.5372578869890329 0.8533339543915265 0.5326280978924931 0.8428672246461382 0.5295399347481133 0.8403057922275824 0.5299456257881554 0.837354287751128 0.531204086552296 0.8361229643645263 0.533376579966546 0.8370395725581213 0.5391638163372207