1 0.035269709543568464 0.466796875 0.043568464730290454 0.883984375 0.046680497925311204 0.92109375 0.06639004149377593 0.93515625 0.08143153526970955 0.937890625 0.14885892116182572 0.942578125 0.24014522821576761 0.94609375 0.8060165975103735 0.948828125 0.9590248962655601 0.9453125 0.9782157676348546 0.935546875 0.9813278008298754 0.9203125 0.9828838174273858 0.8890625 0.9823651452282156 0.556640625 0.9782157676348546 0.325390625 0.9756224066390041 0.261328125 0.9704356846473029 0.244140625 0.95850622406639 0.23515625 0.8988589211618256 0.231640625 0.11825726141078838 0.237890625 0.06431535269709543 0.24140625 0.05653526970954357 0.244140625 0.042012448132780086 0.259375 0.03734439834024896 0.36171875 0.035269709543568464 0.466796875
0 0.40612033195020747 0.329296875 0.40612033195020747 0.334765625 0.40819502074688796 0.337109375 0.41234439834024894 0.33828125 0.4159751037344398 0.33671875 0.41701244813278004 0.33203125 0.4159751037344398 0.32890625 0.4118257261410788 0.3265625 0.4107883817427386 0.3265625 0.40612033195020747 0.329296875
0 0.4776970954356846 0.403515625 0.47821576763485474 0.4078125 0.4818464730290456 0.409375 0.4865145228215767 0.40859375 0.4885892116182572 0.406640625 0.4891078838174273 0.403125 0.4865145228215767 0.398046875 0.4818464730290456 0.398046875 0.4776970954356846 0.403515625
0 0.3563278008298755 0.486328125 0.3547717842323651 0.4890625 0.3568464730290456 0.49453125 0.3604771784232365 0.49609375 0.36566390041493774 0.49375 0.366701244813278 0.491015625 0.3651452282157676 0.486328125 0.36151452282157676 0.484375 0.3604771784232365 0.484375 0.3563278008298755 0.486328125
0 0.7204356846473028 0.45546875 0.7188796680497924 0.45859375 0.7240663900414938 0.4640625 0.729253112033195 0.463671875 0.7323651452282157 0.459765625 0.7318464730290456 0.455859375 0.7287344398340249 0.45390625 0.7240663900414938 0.45390625 0.7204356846473028 0.45546875
0 0.6856846473029046 0.48046875 0.6825726141078838 0.482421875 0.6825726141078838 0.486328125 0.6856846473029046 0.490234375 0.6908713692946058 0.48984375 0.6945020746887967 0.4875 0.6945020746887967 0.48203125 0.6898340248962656 0.48046875 0.6893153526970954 0.480078125 0.6856846473029046 0.48046875
0 0.5643153526970954 0.47734375 0.5622406639004149 0.479296875 0.5617219917012448 0.482421875 0.5637966804979253 0.485546875 0.5679460580912863 0.487109375 0.5720954356846473 0.486328125 0.5746887966804979 0.4828125 0.5746887966804979 0.478515625 0.5720954356846473 0.47578125 0.5705394190871369 0.47578125 0.5643153526970954 0.47734375
0 0.4398340248962655 0.48671875 0.4372406639004149 0.48984375 0.43827800829875513 0.494140625 0.441908713692946 0.495703125 0.4507261410788382 0.494921875 0.4512448132780083 0.492578125 0.4491701244813278 0.488671875 0.4470954356846473 0.486328125 0.44346473029045647 0.485546875 0.44294605809128634 0.485546875 0.4398340248962655 0.48671875
0 0.42738589211618255 0.52421875 0.42738589211618255 0.5296875 0.4330912863070539 0.53203125 0.43879668049792525 0.529296875 0.43879668049792525 0.52421875 0.43620331950207464 0.521484375 0.4325726141078838 0.520703125 0.4310165975103734 0.520703125 0.42738589211618255 0.52421875
0 0.5653526970954357 0.52109375 0.5648340248962656 0.525390625 0.5679460580912863 0.52734375 0.5746887966804979 0.526953125 0.5783195020746887 0.525 0.5788381742738589 0.521484375 0.5757261410788381 0.51796875 0.5726141078838174 0.516796875 0.5715767634854771 0.516796875 0.5653526970954357 0.52109375
0 0.5306016597510373 0.56015625 0.5306016597510373 0.562890625 0.5300829875518672 0.56328125 0.5300829875518672 0.5640625 0.5342323651452282 0.565625 0.5357883817427386 0.566796875 0.5363070539419087 0.566796875 0.5368257261410788 0.567578125 0.5373443983402489 0.5671875 0.5394190871369294 0.566796875 0.5404564315352697 0.565625 0.5404564315352697 0.560546875 0.5383817427385892 0.56015625 0.5368257261410788 0.559375 0.5321576763485477 0.559375 0.5306016597510373 0.56015625
0 0.5238589211618258 0.608984375 0.5217842323651453 0.6109375 0.5223029045643154 0.61171875 0.5223029045643154 0.612890625 0.5228215767634855 0.61328125 0.5228215767634855 0.61484375 0.5233402489626556 0.615234375 0.5233402489626556 0.616015625 0.524896265560166 0.617578125 0.529045643153527 0.616015625 0.5300829875518672 0.616015625 0.5306016597510373 0.615625 0.5326763485477178 0.615625 0.533195020746888 0.615234375 0.533195020746888 0.612890625 0.5321576763485477 0.611328125 0.5285269709543569 0.61015625 0.5274896265560166 0.609375 0.5254149377593361 0.60859375 0.524896265560166 0.60859375 0.5238589211618258 0.608984375
0 0.44553941908713696 0.609765625 0.44294605809128634 0.612109375 0.44294605809128634 0.615625 0.4491701244813278 0.61875 0.4512448132780083 0.61875 0.4553941908713693 0.615625 0.45487551867219916 0.6109375 0.45176348547717843 0.609375 0.4491701244813278 0.609375 0.44553941908713696 0.609765625
0 0.5809128630705394 0.648828125 0.5819502074688796 0.65390625 0.5918049792531119 0.654296875 0.5938796680497924 0.651953125 0.5938796680497924 0.648046875 0.5918049792531119 0.645703125 0.5871369294605808 0.644921875 0.58350622406639 0.644921875 0.5809128630705394 0.648828125
0 0.4190871369294606 0.646875 0.4190871369294606 0.65390625 0.42064315352697096 0.655859375 0.42738589211618255 0.65703125 0.4304979253112033 0.655078125 0.433609958506224 0.65 0.4310165975103734 0.64609375 0.4242738589211618 0.64453125 0.42271784232365145 0.64453125 0.4190871369294606 0.646875
0 0.3386929460580913 0.607421875 0.3454356846473029 0.6140625 0.3526970954356846 0.6109375 0.3526970954356846 0.607421875 0.3495850622406639 0.60546875 0.34699170124481327 0.60546875 0.3386929460580913 0.607421875
0 0.41856846473029047 0.74765625 0.41701244813278004 0.75 0.4164937759336099 0.755859375 0.4190871369294606 0.75859375 0.42479253112033194 0.758203125 0.4289419087136929 0.755859375 0.42946058091286304 0.749609375 0.42738589211618255 0.747265625 0.4242738589211618 0.746875 0.42271784232365145 0.746875 0.41856846473029047 0.74765625
0 0.6218879668049793 0.735546875 0.6203319502074689 0.740625 0.6229253112033195 0.743359375 0.6307053941908713 0.74375 0.6338174273858921 0.740234375 0.633298755186722 0.736328125 0.6275933609958506 0.734375 0.6255186721991701 0.734375 0.6218879668049793 0.735546875
0 0.7131742738589211 0.723828125 0.712655601659751 0.728125 0.7152489626556016 0.731640625 0.7199170124481327 0.7328125 0.7266597510373444 0.7296875 0.729253112033195 0.725 0.7276970954356846 0.72265625 0.7219917012448133 0.72109375 0.7193983402489625 0.72109375 0.7131742738589211 0.723828125
0 0.7873443983402489 0.767578125 0.7857883817427386 0.770703125 0.7868257261410788 0.774609375 0.7909751037344398 0.776171875 0.796161825726141 0.776171875 0.799792531120332 0.774609375 0.799792531120332 0.769921875 0.7956431535269709 0.766796875 0.79201244813278 0.766796875 0.7873443983402489 0.767578125
0 0.6032157676348547 0.833203125 0.5990663900414938 0.837890625 0.5990663900414938 0.8421875 0.6006224066390041 0.843359375 0.6032157676348547 0.84375 0.6104771784232365 0.841796875 0.612551867219917 0.83984375 0.6130705394190871 0.8375 0.6073651452282157 0.8328125 0.6063278008298755 0.8328125 0.6032157676348547 0.833203125
0 0.3034232365145228 0.8296875 0.3029045643153527 0.835546875 0.30497925311203317 0.838671875 0.31068464730290457 0.839453125 0.31742738589211617 0.834765625 0.3184647302904564 0.82890625 0.31483402489626555 0.8265625 0.30705394190871366 0.8265625 0.30653526970954353 0.826171875 0.3034232365145228 0.8296875
0 0.8283195020746887 0.58359375 0.8267634854771784 0.585546875 0.8267634854771784 0.59140625 0.8303941908713692 0.594140625 0.837655601659751 0.5953125 0.8438796680497924 0.5921875 0.8438796680497924 0.5875 0.8340248962655601 0.5828125 0.8314315352697095 0.5828125 0.8283195020746887 0.58359375