1 0.08510625403925162 0.959000759054889 0.10596642447635349 0.9712919470878774 0.12118899731139403 0.9727049644033962 0.18876834418743604 0.971497943151741 0.28001368619104533 0.9670440642432425 0.8439700605683234 0.9204490946303314 0.996089709644181 0.9036112957202889 1 0.9011707117672879 1 0.6775737764986102 0.9854661559621698 0.5143841978136556 0.9611778024928869 0.28437581596602934 0.953010895248811 0.22078311942333304 0.946345920971727 0.2041130756574935 0.9336788157136786 0.19620260991433383 0.873952081896582 0.19789896791639694 0.09686557052315474 0.27215910222512674 0.043435333965722085 0.2803626963297738 0.03592317302688481 0.28376474511878697 0.022783378439201956 0.30020689602384293 0.027052937532284854 0.40256804450352107 0.034144305583747564 0.5074271365569877 0.07877176792906009 0.922303827994958 0.08510625403925162 0.959000759054889
0 0.39434751300112186 0.3457305541608876 0.3985832365960411 0.34653632773662396 0.40206394521202393 0.344663336695527 0.40268879965761595 0.3399032635266995 0.4013830409718079 0.3368805656166852 0.3970451817408561 0.3349073763791226 0.3960117847511344 0.334997786900645 0.3915998147814623 0.3381286041250907 0.3920764477496136 0.3435765438802799 0.39434751300112186 0.3457305541608876
0 0.4740170634933632 0.41130203961207873 0.47859925952308935 0.41011691515734344 0.48049582744247876 0.4079904013445881 0.48070611902924243 0.40444294909834805 0.47768003879879767 0.39961017420090705 0.4730297523450499 0.40001702154775814 0.4693727973543142 0.4058266033890373 0.4702639931812939 0.410061922221639 0.4740170634933632 0.41130203961207873
0 0.3569145824502503 0.5070287122149112 0.3606676527623196 0.5082688296053509 0.3656303664388634 0.5054819456740861 0.36642544694450946 0.502667565274969 0.36446680891579725 0.4981335184099476 0.3606796933917172 0.49650426246556584 0.35964629640199547 0.49659467298708826 0.3556829345031626 0.4989020078428886 0.3543711555026556 0.5017615935027668 0.3569145824502503 0.5070287122149112
0 0.7200815902748994 0.44467058038847507 0.725214530011497 0.4438293892269206 0.7279742688605542 0.4396667721229324 0.7271171182455852 0.43582059184427263 0.7238467012163661 0.4341461306391296 0.7191964147626184 0.4345529779859808 0.7157157061466354 0.4364259690270778 0.7144379723581393 0.43967469324089814 0.7200815902748994 0.44467058038847507
0 0.6806862877706459 0.4704678988240727 0.6841269308599192 0.4740880527989262 0.689259870596517 0.47324686163737184 0.6926724887884781 0.4705955934883906 0.6921958558203268 0.46514765373320144 0.687409388518536 0.46399794686428414 0.6868586448116643 0.46365401357110325 0.683275800559649 0.46435958895037405 0.6803458356505379 0.46657651328465183 0.6806862877706459 0.4704678988240727
0 0.5599550863479565 0.47710933904201924 0.5622942420234864 0.48004162643051107 0.5665640108304165 0.4812365385601895 0.5706295083652819 0.48009661936621545 0.572906593931489 0.47636834607693046 0.5725320965993702 0.47208782198356747 0.5697102876409902 0.46958987840977906 0.5681601921564077 0.4697254941920628 0.5620959910661204 0.4718245115369659 0.560199423146731 0.47395102534972133 0.5599550863479565 0.47710933904201924
0 0.4380022009313951 0.49954234772145545 0.44175527124346436 0.5007824651118952 0.45047105523207753 0.4992356985710701 0.4507834824548736 0.4968556619866563 0.4483762363553221 0.49314509749028035 0.4461051711038137 0.4909910872096727 0.44242019121576603 0.49052924692711725 0.4419034927209052 0.49057445218787843 0.4389054373877723 0.49201309941427207 0.43659430660955456 0.495352234149615 0.4380022009313951 0.49954234772145545
0 0.4361376015478345 0.5377408400614503 0.4415829685072283 0.5345196123154822 0.44114038075108786 0.529460811114235 0.43831857179270795 0.5269628675404465 0.43463359190466033 0.5265010272578909 0.4330834964200777 0.5266366430401747 0.4297730138641489 0.5304553268509822 0.43024964683230016 0.5359032666061714 0.4361376015478345 0.5377408400614503
0 0.5700706676675293 0.5213178096162245 0.5767537028887099 0.5203410026723865 0.5802003662926819 0.5180788730773473 0.5804106578794455 0.5145314208311074 0.5770040600021831 0.511300405410196 0.5738017333969856 0.5104042213129371 0.5727683364072639 0.5104946318344595 0.5669424518010522 0.5153176190569574 0.5668002506383102 0.5196433484110815 0.5700706676675293 0.5213178096162245
0 0.5354838370476804 0.5604185406144667 0.535551927471702 0.561196817722351 0.5398216962786321 0.5623917298520293 0.541473927399247 0.563423529731572 0.541990625894108 0.5633783244708107 0.5425754148129904 0.5641113963179337 0.5430580680958405 0.5636770525032303 0.5450908168632731 0.5631070929062433 0.5460220782169624 0.5618492667228946 0.5455794904608219 0.5567904655216475 0.5434786512693677 0.5565821480107502 0.5418604653607635 0.5559394866851498 0.5372101789070157 0.556346334032001 0.5357281738464547 0.5572602269221687 0.5359664903305303 0.5599841967997634 0.5354838370476804 0.5604185406144667
0 0.5319549659141071 0.6093498002147041 0.5320571015501396 0.6105172158765304 0.5326078452570112 0.6108611491697112 0.5327440261050544 0.6124177033854796 0.5332947698119261 0.6127616366786606 0.5333628602359477 0.6135399137865447 0.5350491365685734 0.6149608522200294 0.5390465436794172 0.6130426559181711 0.5400799406691389 0.6129522453966486 0.5405625939519889 0.6125179015819453 0.5426293879314323 0.6123370805389003 0.5431120412142825 0.6119027367241971 0.5429077699422177 0.6095679054005446 0.5417381921044526 0.6081017617062987 0.5380191670043942 0.6072507828698009 0.5369176795906508 0.6065629162834393 0.5347827951871859 0.6059654602186001 0.5342660966923249 0.6060106654793613 0.533266744914614 0.6064902145548258 0.5313701769952246 0.6086167283675812 0.5319549659141071 0.6093498002147041
0 0.453240548320503 0.6201575906505937 0.4597132919549198 0.6227282359529956 0.46178008593436326 0.6225474149099507 0.4656413121971637 0.6190726643923241 0.4647160711581731 0.6144482070057803 0.4614796993409647 0.6131628843545793 0.45889620686666044 0.6133889106583855 0.45531336261464517 0.6140944860376563 0.45293414141240573 0.616655343665115 0.453240548320503 0.6201575906505937
0 0.6049034923346404 0.6457083976523864 0.606766015042019 0.643192745285689 0.606425562921911 0.6393013597462682 0.6041544976704027 0.6371473494656605 0.5994361207926333 0.6367759197046274 0.5958192313286073 0.637092356529956 0.593576190974411 0.6412097683731831 0.5950521757202731 0.6461781590529079 0.6049034923346404 0.6457083976523864
0 0.4345291698785986 0.6621826879193619 0.4413483859478222 0.6627624351912921 0.44427835085693335 0.6605455108570142 0.4469359540699581 0.6552154780911998 0.4440120094755458 0.651550118855585 0.4371587481943114 0.6505812330297127 0.4356086527097288 0.6507168488119964 0.43219603451776756 0.6533681169609775 0.432808848333962 0.6603726109319352 0.4345291698785986 0.6621826879193619
0 0.36292646767058295 0.6233536433757434 0.36262006076248576 0.6198513963902645 0.3593496437332665 0.6181769351851215 0.35676615125896216 0.6184029614889276 0.3486692014012424 0.6210719384308179 0.35596505043861726 0.6270996254579373 0.36292646767058295 0.6233536433757434
0 0.4391111561944775 0.7621637998146263 0.44193296515285746 0.7646617433884147 0.4475826033843161 0.7637753469660991 0.4515119200711382 0.7610788735563567 0.45148389517382626 0.754807451432522 0.449212829922318 0.7526534411519143 0.446078593741142 0.7525355341625397 0.44452849825655943 0.7526711499448234 0.4404630007216941 0.7538110691387976 0.43911717650917625 0.7562815162447338 0.4391111561944775 0.7621637998146263
0 0.6436677103647556 0.7317196723055085 0.6514522329996794 0.7314307319480321 0.6542460170607474 0.7276572533979859 0.6533888664457784 0.7238110731193264 0.6475349569422548 0.7223626382179894 0.6454681629628114 0.7225434592610342 0.6419534091348178 0.7240273117481892 0.6408459014063757 0.72922172873172 0.6436677103647556 0.7317196723055085
0 0.7346186860896652 0.7119989792717464 0.7393711081794454 0.7127595475867216 0.7458158269165502 0.7090587707652888 0.7479907768467249 0.7041630818141776 0.7462364100900775 0.7019638662728088 0.7404165457985648 0.700904569925414 0.7378330533242604 0.7011305962292201 0.7318709878700057 0.7043970292359495 0.7317287867072636 0.7087227585900737 0.7346186860896652 0.7119989792717464
0 0.809668051701653 0.7485658942203258 0.813937820508583 0.7497608063500043 0.8191048054571917 0.7493087537423919 0.8225855140731746 0.747435762701295 0.8221769715290448 0.7427661000539899 0.8177710218740714 0.7400146337085431 0.8141541324100453 0.7403310705338717 0.8095719363803193 0.741516194988607 0.808294202591823 0.7447649192024274 0.809668051701653 0.7485658942203258
0 0.6285130182398893 0.8322511684478737 0.6301652493605043 0.8332829683274163 0.6327827870468195 0.8334460805775521 0.6398463399148174 0.8308675141571843 0.641742907834207 0.828741000344429 0.642055335057003 0.8263609637600153 0.6359631090694038 0.8221885589810839 0.6349297120796821 0.8222789695026063 0.6318635663225277 0.8229393396211157 0.6281385209077704 0.8279706443545105 0.6285130182398893 0.8322511684478737
0 0.3352385647456822 0.8543803043140142 0.3409903386131733 0.8546613235535248 0.3472988765022349 0.8494039925163237 0.3478215953117946 0.84347650368567 0.3440004345757037 0.841458109187346 0.3362499571527907 0.8421361880987644 0.335699213445919 0.8417922548055838 0.3329054293848511 0.8455657333556299 0.3328994090701523 0.8514480169255224 0.3352385647456822 0.8543803043140142
0 0.8334866313728723 0.5625791073428715 0.837341837320974 0.5649866403951375 0.8446777518850584 0.5655211824063066 0.8506057721273024 0.561865610845635 0.8501972295831728 0.55719594819833 0.8399714156366868 0.5533851855054883 0.8373879231623824 0.5536112118092944 0.834355822617239 0.5546607204817461 0.8329759531927102 0.5567420290337401 0.8334866313728723 0.5625791073428715