0 0.09699170124481328 0.590234375 0.08765560165975103 0.591796875 0.09076763485477178 0.596484375 0.09906639004149377 0.596875 0.1016597510373444 0.59140625 0.09854771784232365 0.5875 0.09699170124481328 0.590234375
0 0.18931535269709543 0.4640625 0.19294605809128632 0.4703125 0.19865145228215766 0.470703125 0.20383817427385892 0.462890625 0.20383817427385892 0.4578125 0.19657676348547717 0.455859375 0.19294605809128632 0.45703125 0.18983402489626555 0.460546875 0.18931535269709543 0.4640625
0 0.18931535269709543 0.405859375 0.19398340248962656 0.406640625 0.20072614107883818 0.403515625 0.20280082987551867 0.397265625 0.20072614107883818 0.392578125 0.19294605809128632 0.394140625 0.1887966804979253 0.396875 0.18931535269709543 0.405859375
0 0.3013485477178423 0.509765625 0.30653526970954353 0.512890625 0.31431535269709543 0.509765625 0.3153526970954357 0.50546875 0.3112033195020747 0.5015625 0.3060165975103734 0.501171875 0.3013485477178423 0.503515625 0.3013485477178423 0.509765625
0 0.20280082987551867 0.650390625 0.20902489626556017 0.655078125 0.21369294605809128 0.6515625 0.21524896265560164 0.64609375 0.2121369294605809 0.64296875 0.20176348547717843 0.6421875 0.20280082987551867 0.650390625
0 0.31016597510373445 0.684375 0.3137966804979253 0.68671875 0.321058091286307 0.685546875 0.3236514522821577 0.682421875 0.32313278008298757 0.67890625 0.31898340248962653 0.675 0.31224066390041494 0.676171875 0.30964730290456427 0.67890625 0.31016597510373445 0.684375
0 0.4445020746887967 0.755078125 0.4465767634854772 0.758203125 0.4528008298755187 0.758984375 0.4559128630705394 0.7578125 0.45695020746887965 0.755078125 0.45487551867219916 0.75078125 0.45020746887966806 0.750390625 0.4465767634854772 0.751953125 0.4445020746887967 0.755078125
0 0.5980290456431535 0.744140625 0.6026970954356846 0.748046875 0.6078838174273858 0.747265625 0.6120331950207468 0.744140625 0.6109958506224066 0.7390625 0.608402489626556 0.737890625 0.6006224066390041 0.73984375 0.5985477178423236 0.7421875 0.5980290456431535 0.744140625
0 0.595954356846473 0.683984375 0.5995850622406639 0.686328125 0.6032157676348547 0.68671875 0.6078838174273858 0.682421875 0.604253112033195 0.677734375 0.5990663900414938 0.678125 0.595954356846473 0.68046875 0.595954356846473 0.683984375
0 0.7406639004149377 0.65078125 0.7453319502074688 0.654296875 0.7551867219917012 0.653515625 0.7588174273858921 0.650390625 0.7546680497925311 0.645703125 0.742219917012448 0.647265625 0.7406639004149377 0.65078125
0 0.8257261410788381 0.670703125 0.8298755186721991 0.670703125 0.8355809128630705 0.66796875 0.8360995850622407 0.662109375 0.83350622406639 0.659765625 0.8298755186721991 0.65859375 0.8246887966804979 0.6625 0.8257261410788381 0.670703125
0 0.7889004149377593 0.49375 0.7987551867219918 0.49453125 0.8013485477178423 0.490234375 0.7992738589211619 0.484375 0.7904564315352697 0.483984375 0.7873443983402489 0.4875 0.7889004149377593 0.49375
0 0.674792531120332 0.463671875 0.6773858921161826 0.4671875 0.6846473029045643 0.4671875 0.6893153526970954 0.462890625 0.6851659751037344 0.45703125 0.6810165975103735 0.456640625 0.6763485477178424 0.459765625 0.674792531120332 0.463671875
0 0.5337136929460581 0.353515625 0.5378630705394191 0.3609375 0.5404564315352697 0.362890625 0.5487551867219918 0.36328125 0.5503112033195021 0.35703125 0.5471991701244814 0.3515625 0.5368257261410788 0.3484375 0.5342323651452282 0.35078125 0.5337136929460581 0.353515625
0 0.3573651452282157 0.41796875 0.36099585062240663 0.42265625 0.3687759336099585 0.42109375 0.37240663900414933 0.41640625 0.3713692946058091 0.412109375 0.36825726141078835 0.410546875 0.3620331950207469 0.4109375 0.3573651452282157 0.414453125 0.3573651452282157 0.41796875
0 0.3480290456431535 0.315625 0.35321576763485474 0.319921875 0.35995850622406633 0.318359375 0.3630705394190871 0.314453125 0.3620331950207469 0.31015625 0.35840248962655596 0.307421875 0.3526970954356846 0.3078125 0.34854771784232363 0.312109375 0.3480290456431535 0.315625
0 0.4133817427385892 0.4703125 0.41804979253112035 0.472265625 0.4221991701244813 0.471484375 0.42479253112033194 0.46796875 0.42271784232365145 0.462109375 0.4190871369294606 0.46015625 0.4159751037344398 0.460546875 0.4133817427385892 0.46328125 0.4133817427385892 0.4703125
0 0.5658713692946058 0.49921875 0.5679460580912863 0.501953125 0.5741701244813278 0.501953125 0.579356846473029 0.498046875 0.5788381742738589 0.494140625 0.5757261410788381 0.492578125 0.5720954356846473 0.4921875 0.566908713692946 0.49609375 0.5658713692946058 0.49921875
0 0.508298755186722 0.5375 0.5129668049792531 0.53984375 0.5191908713692946 0.5390625 0.5197095435684648 0.534765625 0.517116182572614 0.531640625 0.5108921161825726 0.53125 0.508298755186722 0.5328125 0.508298755186722 0.5375
0 0.5134854771784232 0.594140625 0.5212655601659751 0.595703125 0.5233402489626556 0.58671875 0.5176348547717842 0.585546875 0.5134854771784232 0.588671875 0.5134854771784232 0.594140625
0 0.5617219917012448 0.62265625 0.5637966804979253 0.626171875 0.5674273858921162 0.627734375 0.5720954356846473 0.62734375 0.5762448132780082 0.62265625 0.5746887966804979 0.61875 0.5679460580912863 0.615625 0.5622406639004149 0.618359375 0.5617219917012448 0.62265625
0 0.3941908713692946 0.658203125 0.399896265560166 0.6625 0.41234439834024894 0.662109375 0.41234439834024894 0.65546875 0.4092323651452282 0.652734375 0.40300829875518673 0.651953125 0.3947095435684647 0.65625 0.3941908713692946 0.658203125
0 0.39730290456431533 0.569921875 0.404045643153527 0.578125 0.40819502074688796 0.572265625 0.4087136929460581 0.567578125 0.404045643153527 0.562890625 0.4004149377593361 0.562890625 0.39782157676348545 0.565234375 0.39730290456431533 0.569921875
0 0.47406639004149376 0.57421875 0.4730290456431535 0.57578125 0.4730290456431535 0.576953125 0.4725103734439834 0.57734375 0.4725103734439834 0.57890625 0.47199170124481327 0.579296875 0.47199170124481327 0.580078125 0.4745850622406639 0.58203125 0.4776970954356846 0.583203125 0.4823651452282157 0.58359375 0.48288381742738584 0.58203125 0.48340248962655596 0.581640625 0.48340248962655596 0.580859375 0.4839211618257261 0.58046875 0.4839211618257261 0.57578125 0.48288381742738584 0.57421875 0.4818464730290456 0.5734375 0.48080912863070535 0.5734375 0.48029045643153523 0.573046875 0.47665975103734437 0.573046875 0.47406639004149376 0.57421875
1 0.007261410788381742 0.318359375 0.022821576763485476 0.81875 0.02697095435684647 0.888671875 0.028526970954356846 0.90234375 0.032676348547717844 0.906640625 0.07157676348547717 0.91171875 0.14937759336099585 0.91484375 0.654045643153527 0.915625 0.8661825726141078 0.91328125 0.9216804979253113 0.90703125 0.9367219917012448 0.903125 0.9517634854771784 0.888671875 0.9569502074688796 0.811328125 0.9678423236514522 0.4765625 0.9719917012448132 0.248828125 0.9714730290456431 0.228125 0.9668049792531119 0.2203125 0.9429460580912863 0.203515625 0.9351659751037344 0.20078125 0.924792531120332 0.200390625 0.16441908713692946 0.2015625 0.08143153526970955 0.203125 0.03319502074688797 0.206640625 0.014522821576763484 0.218359375 0.008298755186721992 0.22578125 0.007261410788381742 0.318359375