0 0.09251384745349214 0.6036117695261602 0.10081815604586783 0.6038575017836385 0.10331567921257365 0.5983443243106139 0.10013594653263636 0.594492981719575 0.09862788834784246 0.5972540964951012 0.08932048008102562 0.5989792959232805 0.09251384745349214 0.6036117695261602
0 0.1981860481557473 0.475966844390022 0.20323563325927543 0.4680650134913364 0.20314700775783606 0.4629876619143703 0.1958526161861661 0.461161563477155 0.19224291580478617 0.4623966245411097 0.18919271270387553 0.46596602656255975 0.18873547561737464 0.4694901681938715 0.19247470557778132 0.4756758517424055 0.1981860481557473 0.475966844390022
0 0.19908783740977004 0.4087533690595914 0.2010531326810648 0.40246811265275345 0.19889695171436225 0.39781753489381844 0.1911453230561914 0.3995155780879148 0.18704429885698773 0.40232195325357917 0.18771969102395464 0.4112959078117222 0.1924006645424213 0.41199557012131444 0.19908783740977004 0.4087533690595914
0 0.3145140670248775 0.5130047815819057 0.31547626262173123 0.5086904568607251 0.3112593435360301 0.5048572184257416 0.30606659416094595 0.5045571737000976 0.3014401594125959 0.506982035437869 0.30154923695282887 0.5132310835325965 0.30678970775176484 0.5162650867996839 0.3145140670248775 0.5130047815819057
0 0.21638168235981675 0.656536163368396 0.2178420191207587 0.6510410900514266 0.21467592113335052 0.6479708784722287 0.20429042238318246 0.6473707890209405 0.20547077306050218 0.655554560489215 0.21177569965026036 0.6601327216239289 0.21638168235981675 0.656536163368396
0 0.3243235844813966 0.6886415822317558 0.32686201172568985 0.6854717977942537 0.32628206240642676 0.6819657603189972 0.32206514332072556 0.6781325218840137 0.315343883722054 0.6794218954161344 0.31279863913149614 0.6822011143477157 0.31341267518208205 0.6876599793525747 0.31708373167984305 0.689940007841904 0.3243235844813966 0.6886415822317558
0 0.4573279191111488 0.7597686695257835 0.4604190262896467 0.7585426605398562 0.4614084912715587 0.7557905978423577 0.45925912765112076 0.7515305855893432 0.45458497147891863 0.7512214887856714 0.45098208844380333 0.7528471153555467 0.44896225440239207 0.7560078477150209 0.45109116598403637 0.7590961634502742 0.4573279191111488 0.7597686695257835
0 0.6121827663849136 0.7453451330179062 0.6162769732378527 0.7421481923463213 0.6151511613306495 0.7370889449254105 0.612537743277446 0.7359625087977874 0.6047929319655396 0.7380511174978042 0.6027594632315993 0.7404307188454375 0.6022749567600402 0.7423925984530675 0.6070104690486232 0.7462167848100234 0.6121827663849136 0.7453451330179062
0 0.6064587388879688 0.6848889483024827 0.611051086904996 0.6805112590351089 0.6073391263296476 0.6758878375102568 0.6021600116470928 0.6763689237964536 0.5990893565073885 0.6787666293001422 0.5991507126237695 0.6822817188534265 0.6028217691215305 0.6845617473427558 0.6064587388879688 0.6848889483024827
0 0.7578270728998908 0.6490386214371455 0.761402686549948 0.6458507328435885 0.7571721327717176 0.641236363396764 0.7447531652876092 0.643015875293109 0.7432587417953443 0.6465581210804763 0.7479874367376629 0.6499917419315117 0.7578270728998908 0.6490386214371455
0 0.8384612611583814 0.6620864730619191 0.8388775941672948 0.6562189383950845 0.8362437240752977 0.6539208057496999 0.8325931196163303 0.652812473778132 0.8274753610501566 0.6568086496176131 0.8286557117274762 0.6649924210858875 0.8328044573505318 0.6649200044616664 0.8384612611583814 0.6620864730619191
0 0.8011322172177963 0.4849766050179314 0.7989555842123001 0.479154330741235 0.7901326824170425 0.47891765056178437 0.7870824793161317 0.4824870525832344 0.7887473364650106 0.4887089444438789 0.7986142420122968 0.4893180859731948 0.8011322172177963 0.4849766050179314
0 0.6840465231397492 0.4639699577248423 0.6886388711567766 0.4595922684574685 0.6843878653397526 0.4538062024928825 0.6802323023704324 0.45348805361118305 0.6756195023146114 0.45669404636079564 0.6741318961686112 0.4606268576540831 0.676786218299402 0.4640966868172292 0.6840465231397492 0.4639699577248423
0 0.5380573812859298 0.36220544533576093 0.5463616898783056 0.3624511775932393 0.5478083919467184 0.35617497326442893 0.5446013898817228 0.35076136864970825 0.5341749870539674 0.3478178861628972 0.5316229251171449 0.3502065395885582 0.531152053338115 0.35294955020802915 0.5354303285401973 0.3602978781962969 0.5380573812859298 0.36220544533576093
0 0.3674188157254258 0.4233959435450581 0.3709671599904246 0.418645792927819 0.3698549827757506 0.41436767651874923 0.36671615417340064 0.41285972696323314 0.36049985308508187 0.4133589174054852 0.35589387037552545 0.4169554756610182 0.3559552264919065 0.42047056521430237 0.35966718706725487 0.42509398673915444 0.3674188157254258 0.4233959435450581
0 0.35680976920885243 0.3208311008144455 0.35985315496349846 0.31687113328707506 0.35874097774882435 0.31259301687800517 0.3550631039047988 0.3099224228827554 0.349365396019362 0.3104125612469798 0.3452916412052166 0.3147811984363261 0.3448344041187158 0.31830534006763794 0.3500953269564454 0.3225110398524867 0.35680976920885243 0.3208311008144455
0 0.421713353290395 0.47284652977195146 0.42424496318842364 0.46928617982852916 0.4220683301829274 0.46346390555183276 0.41840409103143095 0.46157444256842384 0.4152993491604038 0.46201932054251016 0.412754104569846 0.46479853947409155 0.4128768168026081 0.47182871858065994 0.41757824235986857 0.4737000774080135 0.421713353290395 0.47284652977195146
0 0.574192914743441 0.5006583803716503 0.5793106733096149 0.49666220453216925 0.5787239066440872 0.4927656015509923 0.5755850780417374 0.49125765199547616 0.5719481082752992 0.49093045103574917 0.5668303497091253 0.49492662687523026 0.5658477020734779 0.49806925507864924 0.5679697963088576 0.500767005307982 0.574192914743441 0.5006583803716503
0 0.5198696831330883 0.538721623705024 0.5203132855270601 0.5344163510618712 0.5176657807425339 0.5313370874046457 0.5114358449616859 0.5310551468350568 0.5088701483323346 0.5326626692488768 0.5089519564875092 0.5373494553199224 0.5136601993910341 0.5396113796531965 0.5198696831330883 0.538721623705024
0 0.5248501450004207 0.5862981988030996 0.5191251677299256 0.5852260751436422 0.5150309608769865 0.588423015815227 0.5151264037246904 0.5938909328981136 0.522932571152978 0.5953174137513809 0.5248501450004207 0.5862981988030996
0 0.5696463886031652 0.6265381502923993 0.5743069100828383 0.6260661160842302 0.5783738475507191 0.6213069133889635 0.5767498944794276 0.6174284145638417 0.5699536440718458 0.6144215675308373 0.5642968402639963 0.6172550989305845 0.5638532378700245 0.6215603715737374 0.5659889667979334 0.625039252814911 0.5696463886031652 0.6265381502923993
0 0.4151869474127451 0.6636144861436637 0.41507105252624754 0.6569748725430158 0.4119117718851039 0.6542952264697384 0.4056750187579915 0.6536227203942291 0.39745251832079054 0.6580637742077964 0.3969680118492315 0.6600256538154264 0.402747527889843 0.6642223015222475 0.4151869474127451 0.6636144861436637
0 0.4094702121488399 0.5738568364061777 0.409906997196547 0.5691609982571045 0.4051578502154348 0.5645556808883077 0.4015276977952612 0.5646190454345013 0.39897563585843876 0.5670076988601621 0.3985388508107316 0.5717035370092354 0.40542372671975285 0.5797877356192058 0.4094702121488399 0.5738568364061777
0 0.4743761706642579 0.5774121127237688 0.47386439480764053 0.5778117303077169 0.4738916641926988 0.5793739923313987 0.4733798883360814 0.5797736099153468 0.47339352302861054 0.5805547409271877 0.4760205757743431 0.582462308066652 0.47915258703042846 0.5835796921162475 0.4838267432026305 0.5838887889199192 0.4843180670204541 0.5823174748182097 0.48482984287707154 0.5819178572342616 0.4848162081845424 0.5811367262224206 0.4853279840411598 0.5807371086384726 0.48524617588598506 0.576050322567427 0.48418172009516286 0.5745061646998004 0.4831308989968699 0.5737431378440148 0.482093712591106 0.5737612420000701 0.48156830204195955 0.5733797285721771 0.47793814962178593 0.5734430931183707 0.47536563564616985 0.5746600500262702 0.4743557186254643 0.5762404162060074 0.4743761706642579 0.5774121127237688
1 0.03382625850490659 0.8968681735520676 0.03562064523281215 0.9105108100252011 0.03984438166477792 0.914734613966105 0.07882749738236322 0.9191330596909983 0.15667101658477153 0.9208997720342165 0.6612758376814338 0.912873231125167 0.8733395535825622 0.9068275381763409 0.9287199487506973 0.8996099177326563 0.9436909781716283 0.8954417524106502 0.9584779392434155 0.8807283184287915 0.9623140367118515 0.8033058274762631 0.967362028223641 0.4684010952638437 0.9675362609744559 0.24062898868799146 0.9666563484195521 0.2199380689522344 0.9618526626683233 0.2122082275360738 0.9377042294463778 0.1958303063707651 0.9298776099792964 0.19323212899973638 0.9194989285753928 0.19302260505436858 0.15926174518925432 0.20746464796064537 0.0763141021132013 0.21047524246874919 0.028146290361561403 0.2148321752786036 0.0096814554457483 0.22687501526521242 0.003587866590191671 0.23440438481403292 0.004166391249129419 0.3269865138732385 0.02845720790049409 0.8270293646165253 0.03382625850490659 0.8968681735520676