0 0.08023045812937364 0.5239561060947405 0.0883353052582066 0.5257818603383393 0.09183890574489575 0.5208465253500157 0.08945246452081942 0.5164592211716574 0.0874452680759675 0.518881855424723 0.07797967954409954 0.5187994208593414 0.08023045812937364 0.5239561060947405
0 0.20831696280358541 0.41881958420719123 0.2147815132217546 0.4120264384587071 0.21566332037396946 0.40702546158794206 0.2088513833287704 0.40384107819464665 0.20507234254946455 0.4043646844048611 0.2013971062567664 0.4072865002683902 0.20027583197914148 0.4106586485428815 0.20276607768982563 0.4174441623745545 0.20831696280358541 0.41881958420719123
0 0.2220271193526408 0.353013079230453 0.22515559007511765 0.3472182967028962 0.22392639629587285 0.342241744431882 0.21599318497304884 0.3424295093130777 0.21143202651312376 0.3444018111551813 0.21038269856991204 0.3533397597933428 0.21484416755824148 0.3549197391901151 0.2220271193526408 0.353013079230453
0 0.3154405367357336 0.4773734625881338 0.31720826605517544 0.4733219997387942 0.3138002400250698 0.4687545625960512 0.30876014731432466 0.4674692072456069 0.30375602777078614 0.46896675207699773 0.30267072666036776 0.47512180053332403 0.307236000135305 0.47909998958341105 0.3154405367357336 0.4773734625881338
0 0.19172404160827972 0.5995432268957128 0.19420605728893964 0.5944277589430045 0.19168395342606098 0.5908098358216869 0.18160376800457068 0.5882391251207983 0.1812008951031759 0.5964977591841114 0.18651642810653773 0.6021948433126648 0.19172404160827972 0.5995432268957128
0 0.29155674424440864 0.651655064690812 0.294653356814691 0.6490278728736109 0.29475304628628674 0.6454755916347349 0.29134502025618103 0.6409081544919919 0.2845012250587874 0.6408913618090519 0.28147244380790626 0.6431338630977328 0.2810335977393049 0.6486095969792106 0.2842021566440004 0.6515482055256797 0.29155674424440864 0.651655064690812
0 0.4085457265627096 0.7468537705295135 0.4118139749390009 0.7462400978371067 0.41331037898083817 0.7437273971018487 0.41201335388219223 0.7391355353593547 0.40748405357446177 0.7379402464911028 0.4036371814757548 0.7388485432298376 0.40105136130848706 0.7415658015292312 0.4025518803653364 0.7450035916861639 0.4085457265627096 0.7468537705295135
0 0.5633075946461187 0.7622429328494267 0.5679365844254447 0.7598859404788026 0.5677968067716304 0.7547048306436527 0.5654463387147607 0.7531004266471296 0.5574452960725356 0.7536728820568457 0.5549951385440701 0.7556207592991985 0.5541451895440497 0.757454145459608 0.55806400797717 0.7621116490845434 0.5633075946461187 0.7622429328494267
0 0.5692243175261643 0.7018053025890341 0.5745675936667086 0.6983843051150413 0.5718060226784198 0.6931375533974498 0.5666302673288726 0.6926215791040462 0.5631585249943779 0.6943893233820143 0.5625480431197676 0.6978515381386978 0.5657166020244631 0.7007901466851669 0.5692243175261643 0.7018053025890341
0 0.7246521537585484 0.6954960869471712 0.72877035113486 0.6930490280943549 0.7254979877435568 0.687712209894571 0.7129676447936009 0.6870893764360352 0.7108247857099468 0.6902813917461414 0.7148114354624682 0.6945542048425566 0.7246521537585484 0.6954960869471712
0 0.8013152174079738 0.7236899412422464 0.8028434796020057 0.718009649796633 0.8006965055033394 0.7152511742145486 0.7973244526404402 0.7134666372536407 0.7915382154162826 0.7164128777169207 0.7911353425148878 0.7246715117802337 0.7952216817390048 0.725392043637773 0.8013152174079738 0.7236899412422464
0 0.7984661691365289 0.5427113629407694 0.7974404693154877 0.536580739084194 0.7888248297836401 0.5346649183584029 0.785149593490942 0.5375867342219321 0.7855966695895675 0.5440119821248357 0.7951660626080433 0.5464926263435319 0.7984661691365289 0.5427113629407694
0 0.6875399263029046 0.4997496632647782 0.6928832024434489 0.4963286657907854 0.689814333010349 0.4898377760054403 0.6857958251056332 0.48873255361938084 0.6806560429232924 0.4909994795078124 0.6784453525202371 0.49457618534643916 0.6803888326606998 0.4984887325140847 0.6875399263029046 0.4997496632647782
0 0.5636506005449429 0.3719988101003483 0.571755447673776 0.37382456434394695 0.5743731259932381 0.3679397153341978 0.5722580100467665 0.362013649041758 0.5625848125416828 0.35713479516974705 0.5596238626102028 0.35899260592990745 0.5586382509713802 0.3615953731473577 0.5614357951268755 0.3696250250467844 0.5636506005449429 0.3719988101003483
0 0.38447144855632964 0.3995056932442055 0.38886097121024576 0.3955198722773075 0.3885855309176291 0.3911081434991984 0.3857921017771459 0.38902898249196244 0.3795947616215692 0.3883328752341742 0.3743871481198272 0.3909844916511262 0.3737766662452169 0.39444670640780977 0.37653823723350566 0.39969345812540125 0.38447144855632964 0.3995056932442055
0 0.39362761470758195 0.2968009540460712 0.3973706823196812 0.29349444765402166 0.3970952420270645 0.2890827188759126 0.39399451444177014 0.2857594198009231 0.3883079666892081 0.2851533790253271 0.3834754829516784 0.28866444298151234 0.38235420867405345 0.2920365912560035 0.3867159881907872 0.2971688518916517 0.39362761470758195 0.2968009540460712
0 0.428332825864089 0.4584076190891526 0.43149726975377245 0.45539573674343103 0.43047156993273106 0.44926511288685544 0.4272351797086344 0.44671119486890676 0.4241025939711454 0.4465554865042728 0.4210738127202641 0.44879798779295366 0.4198528489710435 0.4557224173063207 0.4241108240011696 0.4584564682886542 0.428332825864089 0.4584076190891526
0 0.5727041570340865 0.5148029595961139 0.5784903942582442 0.5118567191328338 0.578657915049241 0.5079197473654375 0.5758644859087578 0.5058405863582016 0.5723567704070566 0.5048254304543345 0.5665705331828987 0.5077716709176145 0.5650062978216603 0.5106690621813929 0.5665746481979108 0.5137221618098052 0.5727041570340865 0.5148029595961139
0 0.5121161869714269 0.5418015126931579 0.513373123887854 0.5376599833616259 0.5113618124279901 0.5341321267225008 0.5053001349112156 0.5326666384076717 0.502474847618538 0.5337550681107913 0.5016608717857242 0.5383713544530361 0.5058510154964491 0.54149009596389 0.5121161869714269 0.5418015126931579
0 0.5079271052286043 0.5894542890301849 0.5025118827536467 0.5873094861405075 0.49788289297432053 0.5896664785111316 0.49693325450270454 0.5950521459104171 0.5043238152703193 0.5979419052573844 0.5079271052286043 0.5894542890301849
0 0.5442221709477276 0.6375024455111796 0.5488871338942605 0.6379283533223907 0.5537874489511913 0.6340325988376853 0.5529333849361588 0.629915494105904 0.5468357342521777 0.6256671056092398 0.5407421985832088 0.6273692080047663 0.5394852616667816 0.6315107373362983 0.5409179494042299 0.6353332180217512 0.5442221709477276 0.6375024455111796
0 0.38552608633905233 0.6444253338454493 0.3866792187688718 0.6378855948606026 0.384089283586592 0.6346523622678055 0.37809543738921875 0.632802183424456 0.3691766144275721 0.635592715523102 0.3683266654275517 0.6374261016835117 0.3731992373473001 0.6426484288013523 0.38552608633905233 0.6444253338454493
0 0.3970409505771986 0.5552259804282197 0.3983657188130269 0.5506997605681672 0.394582563018709 0.545272875886191 0.3910070161976066 0.5446424105108443 0.3880460662661266 0.5465002212710046 0.3867212980302982 0.551026441131057 0.3919371415620644 0.5602758064984863 0.3970409505771986 0.5552259804282197
0 0.46007602512121376 0.5711005770445132 0.4594974013987979 0.5713952010908412 0.45922607612119337 0.5729339632049227 0.4586474523987776 0.5732285872512508 0.4585117897599753 0.5739979683082916 0.46072659517804276 0.5763717533618554 0.46358785563792704 0.578066223840571 0.4681171559456575 0.579261512708823 0.4688992736262768 0.5778128170769337 0.4694778973486925 0.5775181930306058 0.4696135599874949 0.576748811973565 0.4701921837099106 0.576454187927237 0.4710061595427244 0.5718379015849923 0.4702559000142997 0.5701190065065258 0.4693699778470727 0.5691694924851003 0.46834839304104336 0.5689893595207155 0.46790543195743 0.5685146025100029 0.46432988513632756 0.5678841371346561 0.461572429163051 0.5685878763092552 0.4602795190794172 0.5699465054589521 0.46007602512121376 0.5711005770445132
1 0 0.8289985960015805 0.006591264461108581 0.8310689027695798 0.08266747435809402 0.8476563993266015 0.5795328198525274 0.9360604675568392 0.7888539006019182 0.9705895156024049 0.844593988834902 0.9740715807406645 0.8600852817163378 0.9728366034390398 0.8774080202216045 0.9612149818673645 0.8959465454931772 0.8859469220422506 0.9648046266832655 0.5581585352263132 1 0.37783060166493765 1 0.2972987617134667 0.9877006835999633 0.2849366646453233 0.9805136167905519 0.2808928337127946 0.9703656000496605 0.2787068135404264 0.22134044327200844 0.14782342223194206 0.13934233351206293 0.13495154719524102 0.091228158157092 0.1300375791080321 0.07080469206653098 0.13833590160471787 0.06338638816173359 0.14456422386029671 0.04628878065763303 0.23555574615524516 0 0.5560286735700082 0 0.8289985960015805