1 0.09148463747907512 1 0.7213139941470232 0.9277797139657509 0.9088373772150039 0.9016062695121629 0.9613387476907735 0.8908307680102263 0.996327859688361 0.877876357694683 1 0.8717299786954248 1 0.7347821649589391 0.9862479933323967 0.595751871248859 0.9430258096071794 0.22245558650061653 0.9405204358363835 0.2105628934262957 0.9012081007621354 0.19256344674340303 0.711941027319641 0.2130476115704285 0.08190472591891254 0.28686431546067814 0.013310402093295143 0.3027642513778656 0.01344986871630211 0.3251799629872813 0.03152095109692153 0.5319406901497338 0.0701852346979361 0.8510919796091547 0.09108087802123536 1 0.09148463747907512 1
0 0.3657475646333566 0.41101044147391574 0.36957153088205363 0.4038504225224743 0.36549183609262975 0.400415760800113 0.3617453777890793 0.39969509246114576 0.3556629150706188 0.40122904202638 0.35454694369527856 0.40490809281181006 0.35465100535950816 0.41001157647846903 0.36116191498837735 0.4119670469775989 0.3657475646333566 0.41101044147391574
0 0.4536719962430209 0.41635057829444994 0.45478796761836116 0.41267152750901986 0.45112786849965164 0.4083982288653333 0.44392058316615657 0.4092831722303084 0.4415845787512465 0.41153779013450975 0.44351868997483085 0.41877792312301204 0.44983917875462953 0.41918254026020224 0.4536719962430209 0.41635057829444994
0 0.5009410997935558 0.4565930096623975 0.5058987398969818 0.4544100538969043 0.5079015078260183 0.4494414426093088 0.5050768526484049 0.44676298226893874 0.4993397609386676 0.44630050752706374 0.49250493018079655 0.4517254631604547 0.4925137814204909 0.45605352014614386 0.49523062753354213 0.4569006089658217 0.5009410997935558 0.4565930096623975
0 0.6094025145629376 0.38660319479297095 0.6134257529003995 0.3853220861891583 0.6151517407955246 0.38235525184434255 0.613970461728528 0.3769904753179094 0.6040939354942494 0.37741604320369165 0.6026923328453033 0.37876881394621237 0.6027011840849977 0.38309687093190153 0.6050936449518698 0.38555802335387435 0.6094025145629376 0.38660319479297095
0 0.6517936391672956 0.46798109479761435 0.656418042784848 0.46308414564872685 0.6533203549736559 0.45913535010516987 0.6478390575352859 0.4570534591253293 0.6457322279420197 0.4569185867462659 0.6419946208781637 0.46052597539298795 0.6421462877546609 0.46601717240013185 0.6445863538338005 0.4688660381625895 0.6517936391672956 0.46798109479761435
0 0.705005738813284 0.4842738649909121 0.709353362396925 0.4813786927848045 0.7109365346552472 0.47724871841853406 0.7081632320902341 0.47168585927268214 0.6993639232587225 0.4723727200182385 0.6966083231730981 0.4754659748437649 0.6971795857203097 0.4801185349295836 0.700134457894699 0.482904190451686 0.705005738813284 0.4842738649909121
0 0.31072407531781127 0.5161561078413363 0.314509287593935 0.5129364325350991 0.31431001550517007 0.5070575221874704 0.3088287180668001 0.5049756312076299 0.3047578745170706 0.5058690264709576 0.30055306657023256 0.5099273386985199 0.3016391352126938 0.5145166885439834 0.30501360305779746 0.5164637071447603 0.31072407531781127 0.5161561078413363
0 0.37283954545954096 0.5368655009557366 0.37188744121418826 0.5291112341460388 0.36669177504942413 0.5293556232091076 0.3623441514657831 0.5322507954152151 0.36118057487817523 0.5355421328601604 0.3636682461695825 0.538778711963103 0.37283954545954096 0.5368655009557366
0 0.4586162402912632 0.49917790888080066 0.4611814195278171 0.4945338006933347 0.45967575521464143 0.4907830877691965 0.4527452499150579 0.48966625419139176 0.44891243242666656 0.49249821615714395 0.4498169314597516 0.49986476962635695 0.453563389763302 0.5005854379653241 0.4586162402912632 0.49917790888080066
0 0.6103589252324952 0.48802386192589103 0.6181673758460808 0.48352307801584116 0.6069667549080029 0.4774207293537355 0.6013038878602568 0.47811604199764457 0.5970990799134187 0.48217435422520694 0.5965455198455957 0.48617790811076655 0.6026368338037505 0.4889720155312215 0.6103589252324952 0.48802386192589103
0 0.8130915757191387 0.6197677156320118 0.8169155419678358 0.6126076966805704 0.8148950715594105 0.6089201939967877 0.8096994053946464 0.6091645830598563 0.8064289992137722 0.6123210481257381 0.8076102782807688 0.6176858246521713 0.8115947626456574 0.6203450596935628 0.8130915757191387 0.6197677156320118
0 0.832126005188192 0.7024392230907072 0.8319743383116947 0.6969480260835633 0.8244338164923264 0.6951189760651442 0.8179882145551133 0.7022073328778775 0.8171102692411113 0.7078249503657321 0.8268915850508547 0.7066239557989802 0.832126005188192 0.7024392230907072
0 0.7307101618344205 0.8298106123518977 0.7337901471662239 0.8251032939240762 0.7314364402719253 0.8187017978568992 0.7265175541410727 0.8169444099771882 0.7223991053790755 0.817450091900031 0.718241902644505 0.8218961174680782 0.718155543459664 0.8254487477727978 0.7233124556518549 0.8291447023549331 0.7307101618344205 0.8298106123518977
0 0.5852681099814959 0.785879962311008 0.5854408283511778 0.7787747017015693 0.5760791082121488 0.779137059346996 0.5731330872774538 0.7806794608105829 0.5731419385171481 0.7850075177962721 0.5768020376358577 0.7892808164399586 0.5852681099814959 0.785879962311008
0 0.40652083103973996 0.7771298034740112 0.4024798902228893 0.7697547981064456 0.3962546118676259 0.7701256076502252 0.3919545934962525 0.7734084931968177 0.394680290848998 0.7785836390021846 0.3979119430572988 0.7793675175815071 0.40652083103973996 0.7771298034740112
0 0.2682748216772293 0.8641576965816015 0.27257484004860266 0.8608748110350088 0.2730331896918904 0.8560958304684796 0.27007831751750105 0.8533101749463772 0.263338233066988 0.8537441947305121 0.26161224517186277 0.8567110290753279 0.2617163068360925 0.8618145127419868 0.2641087677029645 0.8642756651639594 0.2682748216772293 0.8641576965816015
0 0.48274658068505605 0.6701679439329904 0.48414818333400217 0.6688151731904697 0.47991682166808103 0.6598893144609644 0.4740635337712643 0.6590337737429339 0.46981112061215863 0.6627043726300114 0.46822794835383635 0.6668343469962817 0.47039123439906455 0.6716849897015191 0.48274658068505605 0.6701679439329904
0 0.4966264895653055 0.6129719533104061 0.5015365244564637 0.610401284204428 0.49984043929421745 0.6050997179183502 0.4906602887645647 0.6026848719400274 0.4870654973375116 0.6074554006082041 0.48651193726968867 0.6114589544937638 0.4899340103270601 0.6137936864350257 0.4966264895653055 0.6129719533104061
0 0.5571599832504063 0.5697255490415047 0.5560739146079451 0.5651361991960414 0.552747051975109 0.5635768939357492 0.5440905587804001 0.5654268947027601 0.5468638613454132 0.5709897538486122 0.5540323927063351 0.5740451541288413 0.5571599832504063 0.5697255490415047
0 0.451178584334431 0.5705381142786126 0.4503692957258812 0.5639469874903693 0.44643241657326005 0.5616754657894628 0.4423615730235306 0.5625688610527905 0.4392815876917271 0.5672761794806119 0.438957202445548 0.5688902430829069 0.4472029512092366 0.5722069362229102 0.451178584334431 0.5705381142786126
0 0.2542071219425805 0.6006265466823468 0.26070032909206103 0.5939259032100983 0.25985228651093795 0.5912751200670594 0.25628739781676374 0.5877772481043427 0.2491753229078039 0.5894376181502877 0.24683931849289387 0.591692236054489 0.24731537061557018 0.5955693694593378 0.2542071219425805 0.6006265466823468
0 0.8612367097628575 0.4245545856897384 0.8505121409474556 0.4223293704324817 0.8467745338835995 0.42593675907920386 0.8474410068553464 0.43136474584599227 0.8597575991687648 0.4337880437226677 0.8612367097628575 0.4245545856897384