1 0.03060165975103734 0.79609375 0.03319502074688797 0.946484375 0.6675311203319502 0.9515625 0.8568464730290456 0.9484375 0.9102697095435683 0.944140625 0.9465767634854771 0.935546875 0.9590248962655601 0.91953125 0.9636929460580912 0.904296875 0.9657676348547717 0.87421875 0.9709543568464729 0.654296875 0.9735477178423236 0.278515625 0.9725103734439834 0.26640625 0.9356846473029045 0.24375 0.7453319502074688 0.241015625 0.11099585062240665 0.2375 0.040975103734439834 0.244921875 0.03838174273858921 0.2671875 0.03112033195020747 0.474609375 0.03060165975103734 0.79609375
0 0.366701244813278 0.39296875 0.37292531120331945 0.395703125 0.3775933609958506 0.3953125 0.3822614107883817 0.388671875 0.37863070539419086 0.384765625 0.375 0.38359375 0.3687759336099585 0.384375 0.3672199170124481 0.387890625 0.366701244813278 0.39296875
0 0.4538381742738589 0.4125 0.4600622406639004 0.413671875 0.46421161825726137 0.411328125 0.46576763485477174 0.4078125 0.462655601659751 0.403125 0.4553941908713693 0.403125 0.4528008298755187 0.405078125 0.4538381742738589 0.4125
0 0.4979253112033195 0.45546875 0.5005186721991701 0.456640625 0.5062240663900415 0.45703125 0.5114107883817427 0.45546875 0.5140041493775933 0.45078125 0.5115269709543568 0.44777851562500004 0.5058890041493777 0.4466203125 0.49844398340248963 0.451171875 0.4979253112033195 0.45546875
0 0.6161825726141078 0.396484375 0.6182572614107883 0.39921875 0.6224066390041494 0.40078125 0.6265560165975104 0.4 0.6286307053941909 0.397265625 0.6281120331950207 0.391796875 0.6182572614107883 0.391015625 0.6167012448132779 0.3921875 0.6161825726141078 0.396484375
0 0.6452282157676349 0.48359375 0.6473029045643154 0.48671875 0.6545643153526971 0.48671875 0.6597510373443983 0.482421875 0.6571576763485477 0.478125 0.6519709543568465 0.475390625 0.649896265560166 0.475 0.645746887966805 0.478125 0.6452282157676349 0.48359375
0 0.6981327800829875 0.504296875 0.7007261410788381 0.507421875 0.7053941908713692 0.509375 0.7100622406639003 0.50703125 0.7121369294605808 0.503125 0.7100622406639003 0.497265625 0.7012448132780082 0.496875 0.6981327800829875 0.499609375 0.6981327800829875 0.504296875
0 0.3013485477178423 0.490234375 0.30446058091286304 0.492578125 0.31016597510373445 0.49296875 0.31431535269709543 0.490234375 0.31483402489626555 0.484375 0.30964730290456427 0.481640625 0.3054979253112033 0.48203125 0.3008298755186722 0.485546875 0.3013485477178423 0.490234375
0 0.35788381742738584 0.518359375 0.35995850622406633 0.521875 0.3692946058091286 0.52109375 0.3692946058091286 0.51328125 0.36410788381742737 0.512890625 0.3594398340248962 0.515234375 0.35788381742738584 0.518359375
0 0.45020746887966806 0.49375 0.4538381742738589 0.494921875 0.45902489626556015 0.494140625 0.4621369294605809 0.48984375 0.46109958506224064 0.4859375 0.45435684647302904 0.483984375 0.45020746887966806 0.486328125 0.45020746887966806 0.49375
0 0.5975103734439834 0.498046875 0.6032157676348547 0.5015625 0.6109958506224066 0.5015625 0.6192946058091285 0.498046875 0.6089211618257261 0.490625 0.6032157676348547 0.490625 0.5985477178423236 0.494140625 0.5975103734439834 0.498046875
0 0.7909751037344398 0.654296875 0.7946058091286307 0.657421875 0.796161825726141 0.65703125 0.8008298755186722 0.650390625 0.7992738589211619 0.646484375 0.7940871369294605 0.64609375 0.7904564315352697 0.648828125 0.7909751037344398 0.654296875
0 0.7894190871369294 0.744921875 0.7992738589211619 0.744921875 0.8049792531120332 0.74140625 0.8054979253112032 0.7359375 0.7982365145228216 0.733203125 0.7909751037344398 0.739453125 0.7894190871369294 0.744921875
0 0.6768672199170125 0.849609375 0.6815352697095436 0.85390625 0.6887966804979253 0.85546875 0.6924273858921162 0.851171875 0.6908713692946058 0.84453125 0.6862033195020747 0.8421875 0.6820539419087137 0.8421875 0.6773858921161826 0.84609375 0.6768672199170125 0.849609375
0 0.5378630705394191 0.791796875 0.5409751037344398 0.796484375 0.549792531120332 0.794140625 0.5508298755186722 0.787109375 0.5414937759336099 0.786328125 0.5383817427385892 0.7875 0.5378630705394191 0.791796875
0 0.36151452282157676 0.763671875 0.3646265560165975 0.76484375 0.37344398340248963 0.763671875 0.37033195020746884 0.755859375 0.36410788381742737 0.75546875 0.3594398340248962 0.758203125 0.36151452282157676 0.763671875
0 0.21939834024896263 0.830078125 0.22147302904564317 0.8328125 0.22562240663900415 0.833203125 0.23029045643153526 0.83046875 0.2313278008298755 0.82578125 0.2287344398340249 0.82265625 0.2219917012448133 0.822265625 0.21991701244813275 0.825 0.21939834024896263 0.830078125
0 0.44813278008298757 0.66171875 0.44968879668049794 0.666796875 0.4621369294605809 0.666796875 0.46369294605809125 0.665625 0.4605809128630705 0.65625 0.45487551867219916 0.6546875 0.45020746887966806 0.6578125 0.44813278008298757 0.66171875
0 0.4730290456431535 0.608984375 0.47614107883817425 0.61171875 0.48288381742738584 0.61171875 0.48807053941908707 0.609765625 0.4870331950207468 0.604296875 0.47821576763485474 0.60078125 0.47406639004149376 0.605078125 0.4730290456431535 0.608984375
0 0.5378630705394191 0.576171875 0.5446058091286308 0.580078125 0.5482365145228216 0.576171875 0.5477178423236515 0.571484375 0.5446058091286308 0.56953125 0.5357883817427386 0.5703125 0.5378630705394191 0.576171875
0 0.4310165975103734 0.5609375 0.43879668049792525 0.565234375 0.44294605809128634 0.5640625 0.44294605809128634 0.557421875 0.4393153526970954 0.5546875 0.4351659751037344 0.555078125 0.43153526970954353 0.559375 0.4310165975103734 0.5609375
0 0.237551867219917 0.56015625 0.237551867219917 0.5640625 0.24377593360995847 0.569921875 0.25103734439834025 0.5640625 0.2505186721991701 0.561328125 0.2474066390041494 0.557421875 0.24014522821576761 0.558203125 0.237551867219917 0.56015625
0 0.8532157676348546 0.47421875 0.8651452282157676 0.478125 0.8677385892116183 0.469140625 0.8573651452282156 0.465625 0.8532157676348546 0.46875 0.8532157676348546 0.47421875