0 0.6296680497925311 0.316796875 0.6275933609958506 0.321484375 0.6307053941908713 0.327734375 0.6384854771784232 0.32734375 0.6410788381742738 0.325 0.6405601659751037 0.31875 0.6353734439834025 0.31640625 0.6327800829875518 0.31640625 0.6296680497925311 0.316796875
0 0.5912863070539418 0.380078125 0.5897302904564314 0.384375 0.5918049792531119 0.388671875 0.5943983402489627 0.389453125 0.6006224066390041 0.38828125 0.6063278008298755 0.384765625 0.604253112033195 0.3796875 0.5995850622406639 0.378125 0.5949170124481328 0.378125 0.5912863070539418 0.380078125
0 0.6753112033195021 0.416015625 0.6742738589211619 0.419921875 0.6773858921161826 0.423828125 0.6810165975103735 0.425 0.6856846473029046 0.42421875 0.6893153526970954 0.4203125 0.6882780082987552 0.415625 0.6825726141078838 0.413671875 0.6804979253112033 0.413671875 0.6753112033195021 0.416015625
0 0.87551867219917 0.444140625 0.8692946058091285 0.446484375 0.8682572614107883 0.451171875 0.8765560165975103 0.45390625 0.8812240663900415 0.453515625 0.8869294605809129 0.451171875 0.8890041493775934 0.4484375 0.8895228215767634 0.446875 0.8858921161825727 0.444921875 0.8843360995850622 0.44375 0.87551867219917 0.444140625
0 0.37240663900414933 0.396484375 0.37292531120331945 0.400390625 0.3770746887966805 0.4046875 0.3822614107883817 0.40546875 0.38900414937759337 0.4 0.3843360995850622 0.39609375 0.38070539419087135 0.3953125 0.37603734439834025 0.3953125 0.37240663900414933 0.396484375
0 0.24377593360995847 0.353125 0.24170124481327798 0.35703125 0.2479253112033195 0.3625 0.254149377593361 0.363671875 0.26141078838174275 0.3609375 0.2619294605809129 0.357421875 0.2567427385892116 0.353515625 0.2520746887966805 0.351953125 0.24948132780082988 0.351953125 0.24377593360995847 0.353125
0 0.42997925311203317 0.508984375 0.4237551867219917 0.51328125 0.4310165975103734 0.518359375 0.4351659751037344 0.51796875 0.43879668049792525 0.5140625 0.437759336099585 0.51015625 0.4351659751037344 0.508203125 0.43464730290456427 0.508203125 0.42997925311203317 0.508984375
0 0.48755186721991695 0.521484375 0.48962655601659744 0.52578125 0.4979253112033195 0.525390625 0.5005186721991701 0.52109375 0.4974066390041494 0.5171875 0.49429460580912865 0.516796875 0.49377593360995853 0.516796875 0.48755186721991695 0.521484375
0 0.5169673236514523 0.549065625 0.5152110995850622 0.552015625 0.5169673236514523 0.556695703125 0.5191286307053942 0.5576113281249999 0.5211550829875519 0.55700078125 0.5252074688796681 0.555271484375 0.5264232365145227 0.551201953125 0.5221006224066389 0.547437890625 0.5216955394190871 0.54631875 0.5215601659751037 0.54784453125 0.5187235477178423 0.547132421875 0.5183179460580913 0.54784453125 0.5169673236514523 0.549065625
0 0.5829875518672198 0.568359375 0.5809128630705394 0.57109375 0.5809128630705394 0.573046875 0.5845435684647302 0.5765625 0.5918049792531119 0.57578125 0.5918049792531119 0.568359375 0.5886929460580912 0.566796875 0.5866182572614107 0.566796875 0.5829875518672198 0.568359375
0 0.6530082987551867 0.59921875 0.6493775933609959 0.60390625 0.649896265560166 0.608203125 0.654045643153527 0.61015625 0.658195020746888 0.61015625 0.6623443983402489 0.607421875 0.6623443983402489 0.599609375 0.6592323651452282 0.5984375 0.6571576763485477 0.5984375 0.6530082987551867 0.59921875
0 0.37603734439834025 0.60078125 0.37344398340248963 0.603125 0.37344398340248963 0.607421875 0.37655601659751037 0.610546875 0.3796680497925311 0.611328125 0.38485477178423233 0.61015625 0.38641078838174275 0.6078125 0.38641078838174275 0.603515625 0.3817427385892116 0.60078125 0.3788900414937759 0.60078125 0.37603734439834025 0.60078125
0 0.38900414937759337 0.6625 0.3869294605809129 0.665234375 0.3869294605809129 0.66953125 0.3921161825726141 0.672265625 0.3962655601659751 0.671484375 0.3993775933609959 0.666796875 0.39834024896265563 0.663671875 0.3947095435684647 0.66171875 0.391597510373444 0.66171875 0.38900414937759337 0.6625
0 0.5705394190871369 0.681640625 0.5684647302904564 0.685546875 0.5726141078838174 0.689453125 0.5798755186721991 0.690234375 0.5824688796680497 0.684765625 0.5798755186721991 0.680859375 0.5762448132780082 0.68046875 0.575207468879668 0.68046875 0.5705394190871369 0.681640625
0 0.7022821576763485 0.697265625 0.7012448132780082 0.700390625 0.7033195020746887 0.704296875 0.7074688796680497 0.70546875 0.7121369294605808 0.705078125 0.7162863070539418 0.701171875 0.7157676348547717 0.697265625 0.712655601659751 0.69453125 0.70850622406639 0.69453125 0.7022821576763485 0.697265625
0 0.8978215767634854 0.689453125 0.8983402489626556 0.694921875 0.9019709543568464 0.696875 0.9118257261410788 0.6953125 0.9128630705394191 0.692578125 0.9097510373443983 0.688671875 0.9009336099585061 0.687109375 0.9004149377593361 0.68671875 0.8978215767634854 0.689453125
0 0.46576763485477174 0.787109375 0.4631742738589211 0.790625 0.462655601659751 0.794921875 0.466804979253112 0.79765625 0.470954356846473 0.797265625 0.4756224066390041 0.791015625 0.4745850622406639 0.78828125 0.4704356846473029 0.786328125 0.4699170124481328 0.786328125 0.46576763485477174 0.787109375
0 0.41234439834024894 0.748828125 0.40975103734439833 0.751171875 0.4087136929460581 0.755859375 0.4118257261410788 0.759375 0.41856846473029047 0.758203125 0.4216804979253112 0.755859375 0.42271784232365145 0.751171875 0.4196058091286307 0.7484375 0.41701244813278004 0.7484375 0.41234439834024894 0.748828125
0 0.24688796680497926 0.642578125 0.24585062240663896 0.64609375 0.2505186721991701 0.65 0.25933609958506226 0.644921875 0.2598547717842324 0.64140625 0.25622406639004147 0.6390625 0.25155601659751037 0.6390625 0.24688796680497926 0.642578125
1 0.03423236514522822 0.30390625 0.05134854771784232 0.694140625 0.0637966804979253 0.85078125 0.0679460580912863 0.873046875 0.0954356846473029 0.888671875 0.10269709543568464 0.890625 0.18360995850622405 0.900390625 0.30653526970954353 0.905078125 0.504149377593361 0.90625 0.6721991701244814 0.904296875 0.920643153526971 0.8984375 0.9595435684647302 0.896875 0.9683609958506224 0.89375 0.9911825726141078 0.873046875 0.996369294605809 0.849609375 0.9994813278008298 0.8046875 0.9994813278008298 0.20234375 0.9782157676348546 0.18203125 0.962655601659751 0.17890625 0.8765560165975103 0.178515625 0.5720954356846473 0.181640625 0.06431535269709543 0.190234375 0.056016597510373446 0.19140625 0.0446058091286307 0.197265625 0.03890041493775934 0.20234375 0.032676348547717844 0.21328125 0.03423236514522822 0.30390625