0 0.6261042423463883 0.31810407339458785 0.628527794309857 0.31558512893357527 0.6275744076091948 0.3093865343630946 0.6222368284762438 0.30741030105673034 0.6196497847774373 0.30759120477494645 0.6165725809614256 0.3081979626939385 0.6148299294730559 0.31301876715410426 0.6183703598725248 0.31903645800636893 0.6261042423463883 0.31810407339458785
0 0.5864570304531276 0.38313751628836773 0.5925841894625945 0.3815343269932509 0.5980304479969624 0.3776292776989808 0.5956065809446851 0.372708245730828 0.590840907796608 0.371475178595086 0.5861842291387562 0.3718008052878749 0.5826986110732084 0.3740024377790412 0.5814461197020437 0.37839738803843104 0.5838154895092084 0.3825390730923183 0.5864570304531276 0.38313751628836773
0 0.6753439146458912 0.41255561669902996 0.6799460960586303 0.41145064309197543 0.6832954710113965 0.4073006433151455 0.6819336700611984 0.402696923316839 0.6761059308110424 0.4011465442112507 0.6740362958519972 0.4012912671858236 0.6690257001897217 0.4039911153650523 0.6682633689357621 0.40796021142366606 0.671640307599893 0.41163986153313425 0.6753439146458912 0.41255561669902996
0 0.8724234076050748 0.42775131217335965 0.8770528376403703 0.4270360120234379 0.882580842042407 0.424299983100566 0.8844597366435583 0.421427545926064 0.8848681508930945 0.4198326713538898 0.8811100466019838 0.4181375692737285 0.8794760745150307 0.41707709113325997 0.8707073745616445 0.4180818372323275 0.8646619614198465 0.42085404689884254 0.8639541274109996 0.4256024898717219 0.8724234076050748 0.42775131217335965
0 0.37595404941555605 0.41391205218088656 0.3822988823166651 0.40798627411366634 0.37736971743325015 0.4044151662351278 0.3736933590098083 0.40388908452636485 0.36903668035195647 0.40421471121915387 0.36549656504129613 0.40563699679605464 0.3662864600066204 0.4094975506237389 0.3707254647728303 0.41349451270305326 0.37595404941555605 0.41391205218088656
0 0.2452384880809862 0.381153635947558 0.25229147007975056 0.3779193913366237 0.2525636412165052 0.3743761494787858 0.24711706759332897 0.37084122234389055 0.24235139444525192 0.3696081552081486 0.23976435074644536 0.3697890589263647 0.2341546004767397 0.3713560674778383 0.23235745174325745 0.3753975250237386 0.23894783733618144 0.38041878449987837 0.2452384880809862 0.381153635947558
0 0.4365773441674247 0.5224475719835086 0.43992671912019105 0.5182975722066786 0.43861941541510535 0.5144731991226376 0.43589612860351734 0.51270573555519 0.43537871986375604 0.5127419162988331 0.43077653845101666 0.5138468899058876 0.4248673684220002 0.5185674668580664 0.43246532287189055 0.523126691389787 0.4365773441674247 0.5224475719835086
0 0.5019888343578014 0.5210061859415249 0.4986118956936706 0.5173265358320569 0.4954801946325464 0.5171539468367834 0.4949627858927851 0.5171901275804267 0.4890808644863247 0.5223003779897382 0.49145023429348933 0.5264420630436255 0.4997015255071141 0.5254734976882013 0.5019888343578014 0.5210061859415249
0 0.5231007974201132 0.5561366439996608 0.5250797237693051 0.5553862262207483 0.5290016086010036 0.5533784616759372 0.5299305385372126 0.5492340359364285 0.5253558863730892 0.5457806728210199 0.5248737228437119 0.5446925155271201 0.5248451122823392 0.5462240232247714 0.5219657296456643 0.5457115209994032 0.5216107902500912 0.5464501890532851 0.5203486370858637 0.5477625229367291 0.518802472690577 0.5508278448829715 0.5208808844302558 0.555374014574903 0.5231007974201132 0.5561366439996608
0 0.5896783546021297 0.5704785363841732 0.5968675797136755 0.5691926590589026 0.5963498558851058 0.5617888633733805 0.5931364089563127 0.5604472540067088 0.5910667739972675 0.5605919769812817 0.5875539073091633 0.5624039360153151 0.5856750127080123 0.5652763731898173 0.5858112558207937 0.567224740475481 0.5896783546021297 0.5704785363841732
0 0.6613545072699882 0.5991422340493978 0.6654937771880788 0.598852788100252 0.6694423067482752 0.5958356279511772 0.6688973342971491 0.5880421588085223 0.6657111359909125 0.5870902228989834 0.6636415010318671 0.5872349458735562 0.6595567283588892 0.5883037387369675 0.6562618506512355 0.593233085428063 0.6570789942391161 0.5974833127128799 0.6613545072699882 0.5991422340493978
0 0.3845680801202386 0.6188886053556525 0.38772702980391904 0.6194508678080586 0.39281937133386335 0.6179200400002282 0.3942081058178095 0.6154734570265022 0.3939083709696902 0.611187048998042 0.3890609519539442 0.6087849614909018 0.386215203885257 0.6089839555809394 0.3833694558165697 0.6091829496709772 0.380945903853101 0.6117018941319897 0.38124563870122025 0.61598830216045 0.3845680801202386 0.6188886053556525
0 0.4043956246769733 0.6793715892733295 0.4084803973499513 0.6783027964099182 0.41125786631784356 0.6734096304624659 0.4100050598578706 0.6703646042926905 0.4062469555667598 0.6686695022125293 0.403142503128192 0.6688865866743886 0.40060995667449795 0.6698468373068702 0.39873106207334674 0.6727192744813724 0.39903079692146604 0.6770056825098325 0.4043956246769733 0.6793715892733295
0 0.5929510251081609 0.6841991391025906 0.5951565880911792 0.6785628069845161 0.5922970581668097 0.6748469761314048 0.5886479483659242 0.6747105678797746 0.5876131308864014 0.674782929367061 0.5830381980962185 0.6762775764312482 0.5812410493627361 0.6803190339771485 0.5856528055063898 0.6839263225993302 0.5929510251081609 0.6841991391025906
0 0.721296271369141 0.6904959409945359 0.7259257014044367 0.6897806408446142 0.7297924850969641 0.685594460324141 0.7290025901316398 0.6817339064964567 0.725707397335178 0.6792232767583869 0.7215681274170873 0.6795127227075326 0.7155499628978456 0.6826746058311803 0.7147331343987735 0.6858643549755288 0.7170752555833816 0.6896163665722833 0.721296271369141 0.6904959409945359
0 0.9244468506486372 0.6661092181136563 0.9252909277702658 0.6633091424264407 0.921913989106135 0.6596294923169727 0.9130090460399671 0.6586858711303764 0.9124643886776497 0.6583323784168869 0.9100680853367372 0.6612409963350322 0.9109669747922865 0.6666602439912473 0.9147250790833972 0.6683553460714086 0.9244468506486372 0.6661092181136563
0 0.4876492910431753 0.7992467419283168 0.4917613123387096 0.7985676225220383 0.4959820130356607 0.7920072205151254 0.494756455198244 0.7893518678024826 0.49048094216737204 0.7876929464659647 0.48996353342761056 0.7877291272096079 0.48587876075463254 0.7887979200730191 0.4835369546588327 0.7924858849054299 0.48331928076719055 0.7968084736775334 0.4876492910431753 0.7992467419283168
0 0.43013359961795816 0.764893901955489 0.4367781673671864 0.763254531916729 0.4397191280704166 0.7606994067120733 0.4404269620792635 0.7559509637391939 0.4371317692828017 0.753440334001124 0.4345447255839948 0.7536212377193401 0.4299152955486994 0.7543365378692617 0.42749174358523057 0.7568554823302743 0.42678390957638357 0.7616039253031537 0.43013359961795816 0.764893901955489
0 0.2700315837191346 0.6613567176467013 0.27030375485588926 0.6578134757888634 0.2665184019422222 0.6557287002515695 0.26186172328437035 0.6560543269443585 0.25745028222952515 0.659887014751342 0.2566607023530092 0.6634664373528232 0.2615898672364241 0.6670375452313617 0.2700315837191346 0.6613567176467013
1 0.09502095432008631 0.9022767110165715 0.12353356242968816 0.9159460698887905 0.1309135278991281 0.9173879067634492 0.2123105068658014 0.9214855471834257 0.3352633616599098 0.9175867924255758 0.5324778373766414 0.9049709494689079 0.6999820259465275 0.8913000212428412 0.947412082953855 0.8681243431807484 0.986108743945729 0.863852093578976 0.9946867035412209 0.8601196332799794 1 0.8545763697342095 1 0.4899750857034033 0.9775011660022509 0.16822676953642976 0.9548704792991092 0.1494471602548991 0.9391302281258194 0.14741519490713362 0.8532131287028839 0.1530315248947752 0.5497121874434399 0.17738700907040644 0.04376850091334643 0.22138077315403767 0.03557170694483427 0.22312868542372746 0.02459744400842976 0.2297697636408694 0.019260179964287145 0.23523350676367047 0.013814236518727551 0.24657853248710587 0.021688143171072878 0.3368742323109728 0.0659840055169391 0.7249640514463577 0.08932851291628674 0.8803547699091506 0.09502095432008631 0.9022767110165715