0 0.6151940822081732 0.31699817199970826 0.6229105144190752 0.3159309545343477 0.6252897356213147 0.31337009690688905 0.624228313734281 0.3071890853045768 0.6188570575136076 0.30530630658853664 0.6162735650393032 0.30553233289234283 0.6132074192821488 0.30619270301085233 0.6115491678468351 0.31104318670120235 0.6151940822081732 0.31699817199970826
0 0.5817527481672937 0.3810941809717665 0.5844043310656197 0.3816464317758446 0.5905025773679176 0.3799365529848836 0.5958798539032899 0.3759370481310311 0.593370472167706 0.37105906797282895 0.588584004865915 0.36990936110391165 0.5839337184121672 0.37031620845076274 0.5804870550081952 0.37257833804580187 0.5793114568557314 0.3769944779214485 0.5817527481672937 0.3810941809717665
0 0.6700720689003087 0.408657782800951 0.6737910940003672 0.4095087616374486 0.6783732900300932 0.4083236371827133 0.6816497273740112 0.40411581481796377 0.6802077878401599 0.3995365626921812 0.6743538783366364 0.39808812779084435 0.672287084357193 0.3982689488338893 0.6673243706806492 0.4010558327651542 0.6666314258110355 0.4050376288260975 0.6700720689003087 0.408657782800951
0 0.8626002798498629 0.4192619456167632 0.8711057722517122 0.4212626313221781 0.8757220134934492 0.4204666454213849 0.881201425664854 0.4176345562293588 0.8830299031602218 0.41472976530871924 0.8834104208070395 0.41312800583218967 0.8796233052829594 0.4114987498878079 0.8779710741623443 0.4104669500082653 0.8692212449617204 0.4116245779951483 0.8632251342954549 0.4145018724479357 0.8626002798498629 0.4192619456167632
0 0.3692354249873391 0.4157638396385428 0.37447050035996926 0.41609006413881466 0.38071094782500936 0.4100544559937294 0.37572020925115346 0.4065699178011597 0.37203522936310585 0.406108077518604 0.3673849429093581 0.4065149248654552 0.3638701890813644 0.4079987773526101 0.3647273396963333 0.4118449576312697 0.3692354249873391 0.4157638396385428
0 0.23690061686981717 0.3849929857423445 0.24320313444417993 0.38561793827503593 0.25019859688815643 0.38226109474678405 0.25040888847492004 0.378713642500544 0.24490145140620334 0.3752743095687355 0.24011498410441234 0.3741246026998182 0.23753149163010803 0.37435062900362437 0.23194994382267092 0.37601530253382415 0.23022360196333552 0.38008750911628997 0.23690061686981717 0.3849929857423445
0 0.4328792251480129 0.5243018117165221 0.436978767894889 0.5235510310764903 0.440255205238807 0.5193432087117407 0.43888135612897716 0.5155422336938422 0.4361276375946188 0.5138225672279381 0.435610939099758 0.5138677724886993 0.4310287430700318 0.5150528969434346 0.4252028584638204 0.5198758841659323 0.4328792251480129 0.5243018117165221
0 0.5001461448012587 0.5254748270492807 0.5023551399434443 0.5209682766521115 0.4989144968541711 0.517348122677258 0.4957802606729951 0.5172302156878834 0.4952635621781343 0.5172754209486445 0.48947172278393347 0.5224875467250845 0.4919130140954957 0.5265872497754025 0.5001461448012587 0.5254748270492807
0 0.5218441139788436 0.5550011591624264 0.524076998583882 0.5557249296112745 0.5260425269369307 0.554940089097669 0.5299287741237066 0.5528641840170397 0.530785232376932 0.5487041774308468 0.5261510074578253 0.545331178968245 0.5256499264009281 0.5442516023198555 0.5256480486918836 0.5457833760846118 0.522760160201994 0.5453212040718787 0.5224181664005084 0.5460659541696303 0.5211791088526365 0.5474001157882755 0.5196866771901432 0.5504919551605838 0.5218441139788436 0.5550011591624264
0 0.5869714198443151 0.5657168889084181 0.5908947162164384 0.5689026990685682 0.5980604047204687 0.5674915483100268 0.5974135456922636 0.560097915785127 0.5941771738750552 0.5588125931339262 0.5921103798956117 0.558993414176971 0.588629671279629 0.5608664052180681 0.5868011937842611 0.5637711961387076 0.5869714198443151 0.5657168889084181
0 0.6587563887417823 0.594727059081962 0.6630602027607233 0.5963111097655824 0.6671937907196102 0.5959494676794928 0.6710890621944214 0.5928638557158081 0.6704081579542054 0.5850810846369663 0.6672058313490078 0.5841849005397075 0.6651390373695644 0.5843657215827525 0.661073539834699 0.5855056407767265 0.6578651929148027 0.5904917402493601 0.6587563887417823 0.594727059081962
0 0.38328800055692036 0.6180431859598152 0.38666055322217197 0.6208850628267845 0.3898288346153587 0.6213921083701013 0.39489368392793495 0.6197726401006627 0.3962395081404527 0.6173021929947264 0.3958650108083338 0.6130216689013634 0.3909764078705104 0.61070454637062 0.3881345661487757 0.6109531753048068 0.38529272442704093 0.6112018042389936 0.3829135032248015 0.6137626618664522 0.38328800055692036 0.6180431859598152
0 0.4021353501330206 0.678740879256815 0.40754065156570485 0.6810127965267974 0.41160614910057014 0.6798728773328234 0.41429779752560575 0.6749319831209509 0.4129920388397975 0.6719092852109367 0.40920492331571745 0.6702800292665548 0.4061047323465523 0.6705512608311223 0.40358933029626964 0.6715555642428126 0.4017608528009018 0.6744603551634522 0.4021353501330206 0.678740879256815
0 0.588849717105761 0.68240346215534 0.5961515864578346 0.6825488656125669 0.5982584459639876 0.6768748995535716 0.5953345013695752 0.6732095403179568 0.5916835666935384 0.6731368385893434 0.5906501697038167 0.6732272491108658 0.5861020188861013 0.6748015121195433 0.5843756770267657 0.6788737187020091 0.588849717105761 0.68240346215534
0 0.7203514558671091 0.6857990014933085 0.7245871794620283 0.686604775069045 0.7292034207037654 0.6858087891682517 0.7329965565425443 0.681555761542741 0.7321394059275754 0.6777095812640814 0.7288008984743345 0.6752568429510541 0.7246673105154476 0.6756184850371441 0.7187052450611929 0.6788849180438735 0.7179442097675576 0.6820884369969326 0.7203514558671091 0.6857990014933085
0 0.9176001203706147 0.6610917540968565 0.927281210924928 0.6586762999266247 0.928076291430574 0.6558619195275075 0.9246356483413007 0.652241765552654 0.9157155930806228 0.6514537007698267 0.9151648493737513 0.651109767476646 0.9128196733835224 0.6540597636580466 0.9138130048465347 0.6594624981524746 0.9176001203706147 0.6610917540968565
0 0.4885018434381748 0.7970543870010853 0.49287374788113725 0.79941671479259 0.4969732906280135 0.7986659341525582 0.5010788536895884 0.7920328699426337 0.499807140215791 0.7893993105865615 0.4955033261968501 0.7878152599029409 0.49498662770198926 0.7878604651637021 0.4909211301671239 0.7890003843576763 0.48864404460091676 0.7927286576469611 0.4885018434381748 0.7970543870010853
0 0.4313606787715645 0.7628418787260448 0.43476727664882686 0.7660728941469562 0.44138222144598577 0.7643178100952339 0.4442781411430861 0.761711747207014 0.44490299558867824 0.7569516740381864 0.44156448813543747 0.7544989357251592 0.438980995661133 0.7547249620289654 0.4343647544193961 0.7555209479297587 0.4319855332171566 0.7580818055572174 0.4313606787715645 0.7628418787260448
0 0.2645413853840732 0.6711729351399152 0.27288267204056743 0.6653456445057271 0.27309296362733104 0.661798192259487 0.26927180289124014 0.6597797977611631 0.26462151643749243 0.6601866451080143 0.2602776368918419 0.6640957394403441 0.2595506468102174 0.6676883969473454 0.2645413853840732 0.6711729351399152
1 0.09602916620771548 0.8874640457401926 0.10210333125121825 0.9092833012288016 0.13085015995927615 0.9224529645661399 0.13825416494738224 0.923765783685193 0.21971026044594705 0.9264422268549927 0.3425763462721015 0.9203982427018854 0.539540608450123 0.9043424540136817 0.706780694724989 0.8877502567573317 0.9537685955831806 0.8602598585435695 0.9923848018497022 0.8553129097707087 1 0.8518400680019006 1 0.4841206246275246 0.9716381989987791 0.15994375578306105 0.948683209684922 0.14156196666928303 0.9329098931430098 0.13980501606058332 0.8471038977840954 0.146919950793006 0.5440742429968548 0.17656854729138677 0.03897541119230676 0.22938554576336023 0.030810370910565384 0.23127624559736626 0.019953682203788486 0.2381078396432447 0.014712586516459413 0.24366389871286542 0.009465470514431511 0.25510224135237863 0.018914055185520615 0.3452467700846594 0.06997627231472234 0.7325044118676848 0.09602916620771548 0.8874640457401926