1 0.0487551867219917 0.73671875 0.05705394190871369 0.882421875 0.05964730290456431 0.89609375 0.06587136929460581 0.905859375 0.07987551867219916 0.912890625 0.0892116182572614 0.914453125 0.12188796680497924 0.91796875 0.18153526970954356 0.91953125 0.4465767634854772 0.921484375 0.6545643153526971 0.9203125 0.8573651452282156 0.916796875 0.9273858921161825 0.913671875 0.9445020746887967 0.910546875 0.9610995850622407 0.8984375 0.9683609958506224 0.8890625 0.9808091286307054 0.667578125 0.9891078838174273 0.288671875 0.9885892116182573 0.25546875 0.9839211618257261 0.242578125 0.9678423236514522 0.22734375 0.9548755186721991 0.22265625 0.9393153526970954 0.22109375 0.07883817427385892 0.221484375 0.06275933609958506 0.2234375 0.03890041493775934 0.241796875 0.0487551867219917 0.73671875
0 0.3687759336099585 0.436328125 0.3770746887966805 0.438671875 0.38070539419087135 0.430859375 0.37655601659751037 0.42734375 0.36358921161825725 0.423046875 0.3687759336099585 0.436328125
0 0.717323651452282 0.486328125 0.7193983402489625 0.48984375 0.7282157676348547 0.490234375 0.7318464730290456 0.4859375 0.7256224066390041 0.47890625 0.7230290456431535 0.478515625 0.7183609958506223 0.48203125 0.717323651452282 0.486328125
0 0.5409751037344398 0.5375 0.5492738589211619 0.53671875 0.5492738589211619 0.533203125 0.5446058091286308 0.52890625 0.5409751037344398 0.5328125 0.5409751037344398 0.5375
0 0.5964730290456431 0.5486296875 0.6032157676348547 0.5533171875 0.6099585062240663 0.5525359375 0.6124958506224066 0.550208203125 0.6114413900414937 0.548025 0.6078838174273858 0.5443328125 0.6026970954356846 0.5443328125 0.5975103734439834 0.5474578125 0.5964730290456431 0.5486296875
0 0.5357883817427386 0.59140625 0.5409751037344398 0.595703125 0.549792531120332 0.5921875 0.5487551867219918 0.587890625 0.5446058091286308 0.584765625 0.5409751037344398 0.584765625 0.5368257261410788 0.587890625 0.5357883817427386 0.59140625
0 0.5247328838174273 0.5706527343750001 0.5260503112033195 0.572240625 0.5264522821576764 0.57109375 0.5373443983402489 0.570703125 0.5387007261410788 0.570851171875 0.5389647302904564 0.568667578125 0.5394917012448133 0.56688125 0.5337136929460581 0.56015625 0.5294766597510374 0.5603312500000001 0.5228215767634855 0.567578125 0.5247328838174273 0.5706527343750001
0 0.5622406639004149 0.61796875 0.5700207468879668 0.621875 0.5741701244813278 0.616015625 0.5736514522821576 0.6109375 0.5679460580912863 0.609375 0.5591286307053942 0.609765625 0.5622406639004149 0.61796875
0 0.5617219917012448 0.633984375 0.5637966804979253 0.640234375 0.5684647302904564 0.6421875 0.5726141078838174 0.641796875 0.5757261410788381 0.638671875 0.5726141078838174 0.63125 0.5684647302904564 0.6296875 0.5637966804979253 0.632421875 0.5617219917012448 0.633984375
0 0.4745850622406639 0.611328125 0.47821576763485474 0.6140625 0.4823651452282157 0.614453125 0.4839211618257261 0.6125 0.4823651452282157 0.60625 0.47821576763485474 0.605078125 0.4756224066390041 0.608203125 0.4745850622406639 0.611328125
0 0.38070539419087135 0.598046875 0.38848547717842324 0.5984375 0.3900414937759336 0.595703125 0.3895228215767635 0.5921875 0.3869294605809129 0.590234375 0.38070539419087135 0.591015625 0.37863070539419086 0.59375 0.38070539419087135 0.598046875
0 0.41493775933609955 0.528125 0.41493775933609955 0.530078125 0.4154564315352697 0.53046875 0.4154564315352697 0.531640625 0.4164937759336099 0.533203125 0.4190871369294606 0.533984375 0.42064315352697096 0.533984375 0.4237551867219917 0.53515625 0.42738589211618255 0.53515625 0.4289419087136929 0.534765625 0.4310165975103734 0.533203125 0.43153526970954353 0.53203125 0.43153526970954353 0.528515625 0.4279045643153527 0.525 0.4237551867219917 0.523828125 0.42271784232365145 0.52421875 0.42064315352697096 0.52421875 0.41856846473029047 0.525 0.4154564315352697 0.52734375 0.41493775933609955 0.528125
0 0.37811203319502074 0.516796875 0.3775933609958506 0.5171875 0.37811203319502074 0.518359375 0.379149377593361 0.519921875 0.3817427385892116 0.521484375 0.38641078838174275 0.521484375 0.3869294605809129 0.52109375 0.38848547717842324 0.52109375 0.391597510373444 0.5203125 0.39315352697095435 0.519140625 0.3941908713692946 0.517578125 0.3941908713692946 0.516796875 0.39367219917012447 0.51640625 0.39367219917012447 0.51484375 0.3926348547717842 0.512890625 0.391597510373444 0.5125 0.38848547717842324 0.51015625 0.387448132780083 0.510546875 0.3843360995850622 0.512890625 0.3801867219917012 0.513671875 0.37811203319502074 0.515625 0.37811203319502074 0.516796875
0 0.24585062240663896 0.51171875 0.24896265560165975 0.513671875 0.2551867219917012 0.5140625 0.2598547717842324 0.510546875 0.25933609958506226 0.50703125 0.25570539419087135 0.504296875 0.25 0.504296875 0.24533195020746884 0.5078125 0.24585062240663896 0.51171875
0 0.2889004149377593 0.61875 0.2904564315352697 0.62265625 0.29771784232365145 0.625 0.3008298755186722 0.62421875 0.30497925311203317 0.61953125 0.3013485477178423 0.61484375 0.29460580912863066 0.61484375 0.2904564315352697 0.6171875 0.2889004149377593 0.61875
0 0.45902489626556015 0.71640625 0.45954356846473027 0.722265625 0.462655601659751 0.72421875 0.4683609958506224 0.722265625 0.4699170124481328 0.71640625 0.46421161825726137 0.714453125 0.4605809128630705 0.715234375 0.45902489626556015 0.71640625
0 0.23599585062240663 0.75546875 0.24377593360995847 0.758984375 0.24844398340248963 0.756640625 0.25155601659751037 0.751953125 0.24533195020746884 0.748046875 0.23910788381742737 0.74921875 0.23651452282157676 0.7515625 0.23599585062240663 0.75546875
0 0.6716804979253113 0.732421875 0.6742738589211619 0.735546875 0.6779045643153527 0.7359375 0.6836099585062241 0.7328125 0.683091286307054 0.728125 0.6779045643153527 0.725390625 0.6737551867219918 0.726171875 0.6721991701244814 0.728125 0.6716804979253113 0.732421875
0 0.6675311203319502 0.693359375 0.6696058091286307 0.695703125 0.6758298755186722 0.69765625 0.678941908713693 0.696875 0.6820539419087137 0.688671875 0.6804979253112033 0.685546875 0.6773858921161826 0.684375 0.6732365145228216 0.68515625 0.6680497925311203 0.690234375 0.6675311203319502 0.693359375
0 0.7183609958506223 0.745703125 0.7204356846473028 0.748828125 0.7245850622406639 0.749609375 0.7318464730290456 0.74765625 0.7328838174273858 0.74296875 0.7282157676348547 0.7390625 0.7245850622406639 0.73828125 0.7188796680497924 0.74140625 0.7183609958506223 0.745703125
0 0.5643153526970954 0.869140625 0.5679460580912863 0.871875 0.5731327800829875 0.871484375 0.5767634854771784 0.86640625 0.5757261410788381 0.862890625 0.5720954356846473 0.86015625 0.5643153526970954 0.8609375 0.5643153526970954 0.869140625
0 0.6779045643153527 0.37734375 0.6846473029045643 0.3796875 0.6893153526970954 0.378125 0.6939834024896265 0.373046875 0.6893153526970954 0.366796875 0.6815352697095436 0.36875 0.6784232365145229 0.37109375 0.6779045643153527 0.37734375