1 0.0737390263917094 0.9112205478898145 0.0803001166461601 0.9207630071504674 0.0945411221605215 0.9273012361379209 0.10392606490956717 0.9285369591284549 0.13670520145172987 0.9309100543863031 0.19637069929457857 0.9303899417024898 0.46131890003318243 0.9230920621734523 0.6691388536557422 0.9146622401674879 0.8716934492021009 0.904071109897744 0.9415624804157655 0.8985043247381859 0.958559175345225 0.8947838822464987 0.9747239638709173 0.8821026391920167 0.9816537684224576 0.872479930606848 0.9863646249214202 0.6506960443348798 0.9814346873082753 0.27173099140540163 0.9797575587187449 0.23856619425073783 0.9746424762513399 0.22584633445953636 0.9580417608507691 0.21118238318901042 0.944919263507965 0.20695027365497382 0.929314045901954 0.20593176744889502 0.0693746795423971 0.23635237494165842 0.0533737992414004 0.23886545351052318 0.030170145236972534 0.2580463088157393 0.05729143810505903 0.7523227642064431 0.07067010364482769 0.8976475084201858 0.0737390263917094 0.9112205478898145
0 0.3783650922273015 0.4350648153026947 0.3740955487795633 0.43169614311609256 0.3609866840526586 0.4278544206238603 0.36663375537404314 0.4409465660581615 0.3750092508787267 0.4429992659297136 0.3783650922273015 0.4350648153026947
0 0.72773592935791 0.4822757085248603 0.7312144642495795 0.4778547412740803 0.7247488023064247 0.4710449913060577 0.7221433885001229 0.47074511125777646 0.7176008759004937 0.474421507222357 0.7167141221992264 0.47875196747961385 0.7189102406946428 0.4821930452610344 0.72773592935791 0.4822757085248603
0 0.5504026149690924 0.5314632656764298 0.5455874500514748 0.5273319208049237 0.5420952825439057 0.5313625010138994 0.5422588739346987 0.5360471455155513 0.5505253085121872 0.5349767490526688 0.5504026149690924 0.5314632656764298
0 0.6117250002505982 0.5486664375009698 0.614179562209143 0.5462515690763947 0.6130495512868637 0.5441064960433168 0.6093652903643887 0.5405407152178971 0.6041817279835843 0.5407217292049434 0.5991072265299751 0.5440258395264242 0.5981114119015125 0.5452332034492465 0.6050136343873512 0.5496825297677385 0.6117250002505982 0.5486664375009698
0 0.5529794962079844 0.5903936075901797 0.5517928249569299 0.5861355529277412 0.5475369141250911 0.5831572677829435 0.5439084204585278 0.5832839775738758 0.5398706314810797 0.5865518850979474 0.5389566125480135 0.5901015712715957 0.5442901337037115 0.5942148147443971 0.5529794962079844 0.5903936075901797
0 0.5289173042357961 0.5701272702744534 0.5397891526195859 0.5693567538598521 0.5411498209435922 0.5694573753910833 0.5413374579458975 0.5672658982154565 0.5418017659312792 0.5654622672522013 0.5357925783237387 0.5589430135220674 0.5315642336267825 0.5592657772428138 0.5251661170261384 0.5667404966891467 0.527183562083209 0.5697465294409622 0.5285556035115644 0.5712874752131869 0.5289173042357961 0.5701272702744534
0 0.5781738289676296 0.613356451401127 0.5774782487228567 0.6082995212563753 0.5717217996403742 0.6069370884749088 0.5629233762089061 0.6076351992946917 0.5663197985712763 0.615724718780355 0.5742314683014773 0.6193570682178291 0.5781738289676296 0.613356451401127
0 0.5733852956140054 0.6397114985877683 0.5775185129027496 0.639176300356327 0.5805195894040369 0.6359445956296647 0.5771504322734654 0.6286358502276099 0.5729490519052242 0.6272191132500295 0.5683792740737961 0.6301147351310015 0.566360379585072 0.6317486888930374 0.5686519263917843 0.6379224759670882 0.5733852956140054 0.6397114985877683
0 0.48637024436379334 0.6149988508046269 0.4878571499985376 0.6129926113994915 0.4860839594299057 0.6068007229267359 0.4818962116775639 0.6057743729909599 0.47941349141435696 0.6089879763189175 0.47848583986539134 0.6121472754507614 0.4822097618432504 0.6147532749524596 0.48637024436379334 0.6149988508046269
0 0.3934484684223024 0.5994823217674407 0.3928074186411273 0.5959869397899062 0.390147474371228 0.5941255115744076 0.38395446474606143 0.5951235024424717 0.3819764681050356 0.5979286173299205 0.3841998518322509 0.6021504691949497 0.391988828019357 0.6022693352561849 0.3934484684223024 0.5994823217674407
0 0.41657127723304194 0.5334007172495906 0.41661217508074017 0.5345718783750036 0.4177034180204987 0.5360972237448116 0.42032246444269983 0.5367874908348973 0.4218775331569412 0.5367331866387834 0.4250285684331221 0.5377957393719688 0.4286570620996851 0.5376690295810365 0.430198498198027 0.5372243383431182 0.4322173926867512 0.5355903845810823 0.43269485107713335 0.5344011220569648 0.43257215753403866 0.5308876386807257 0.4288209703243808 0.527500865095419 0.42463322257203906 0.526474515159643 0.42361014271177766 0.5269011049988566 0.42153671775945584 0.526973510593675 0.41949055803893287 0.5278266902721022 0.41646221630584657 0.5302776209151558 0.415971125299565 0.5310764963974692 0.416039288379062 0.5330284316064909 0.41657127723304194 0.5334007172495906
0 0.3788270169983682 0.5226020196603887 0.37991825993812667 0.5241273650301966 0.38256457159212653 0.525598406203891 0.38722977773485057 0.5254354936155494 0.38773450135703164 0.5250270051750404 0.38928957007127296 0.5249727009789267 0.39237244226795676 0.5240833185030903 0.39388661313449985 0.5228578531815634 0.3948687951470631 0.5212601022169367 0.3948415299152642 0.5204793281333282 0.39430954106128435 0.5201070424902284 0.39425501059768675 0.5185454943230112 0.39315013504202884 0.5166297619113986 0.39209978994996847 0.5162755776670036 0.38890785682608936 0.5140418638084053 0.3878847769658279 0.5144684536476188 0.38485643523274166 0.5169193842906725 0.3807368505598969 0.5178449695639181 0.3787315886870723 0.5198693103677583 0.3787724865347705 0.5210404714931712 0.37826776291258946 0.5214489599336802 0.3788270169983682 0.5226020196603887
0 0.2558266297984094 0.5225977936935351 0.26036914239803866 0.5189213977289545 0.2597280926168635 0.5154260157514201 0.2560041706390045 0.5128200162497221 0.25030225202011963 0.5130191316354729 0.24575973942049031 0.5166955276000534 0.24641442181756493 0.5205812966193922 0.24959272232554466 0.5224246234361862 0.2558266297984094 0.5225977936935351
0 0.30220350423643955 0.6319833988721875 0.30528637643312334 0.6310940163963512 0.3092696349469739 0.6262645607050622 0.30547754988961784 0.6217066259943425 0.29873891879457204 0.6219419441775026 0.29467386458532496 0.6244290776179653 0.29317332633468135 0.6260449299812966 0.2948647212079168 0.629894496203226 0.30220350423643955 0.6319833988721875
0 0.4705034723844719 0.7253854627024202 0.4761372279238598 0.7232344121076478 0.47748780739960994 0.7173243022844689 0.47171772570122783 0.7155714824611981 0.4681164972664636 0.716478966335739 0.4666023263999205 0.7177044316572659 0.4673251718764922 0.7235421358856262 0.4705034723844719 0.7253854627024202
0 0.25755385317690005 0.7652634648371868 0.2605003992145897 0.7604702119433069 0.2541437981986302 0.7567835583097191 0.24796442118936315 0.7581719362195875 0.2454544356943574 0.7606047654639366 0.24507240561527116 0.7645267372806845 0.25297044272957253 0.7677686996763542 0.25755385317690005 0.7652634648371868
0 0.6860302896648386 0.7295849934941344 0.6916231473565281 0.7262627817739489 0.6909411997276547 0.7215962386710016 0.6856622090355543 0.7190445433654175 0.6815426243627096 0.7199701286386629 0.6800557187279653 0.7219763680437985 0.6796873212647785 0.7262887269023508 0.6823881633823761 0.7293213162432624 0.6860302896648386 0.7295849934941344
0 0.6826208683543742 0.6913994689921281 0.685703740551058 0.6905100865162918 0.6885275930456529 0.6822033502461731 0.6868634634042163 0.6791345581078522 0.6837124281280355 0.6780720053746669 0.6795928434551907 0.6789975906479124 0.6745865050810786 0.6842536361784151 0.6741772097701934 0.6873948339115542 0.6763324304179117 0.6896647505675617 0.6826208683543742 0.6913994689921281
0 0.733159492648558 0.7416194140738706 0.740348316902187 0.7394140592829842 0.741221437987555 0.734693211983923 0.7364199056858369 0.7309522541542213 0.7327641467874749 0.7302981898615448 0.7271712890957853 0.7336204015817304 0.7268028916325985 0.7379327604402827 0.7289853775121156 0.7409834511798988 0.733159492648558 0.7416194140738706
0 0.5860528472896858 0.8687057795385709 0.5895041169495564 0.8635040382041822 0.5883447109303008 0.8600267576253525 0.5846207889524418 0.8574207581236545 0.5768727106130339 0.8584730531878325 0.5771589955469216 0.8666711810657233 0.5808829175247806 0.8692771805674215 0.5860528472896858 0.8687057795385709
0 0.6849466507387446 0.3715922324298626 0.6894346328747762 0.3663542882980647 0.6845513048776617 0.360271008217537 0.676844124385952 0.36249446440712785 0.6738157826528659 0.36494539505018153 0.6735155482691761 0.37120968911775554 0.6803359750596183 0.3733166931854215 0.6849466507387446 0.3715922324298626