1 0.039520845803559745 0.8725046377950456 0.045225289004243496 0.8825826218116255 0.058842258989489846 0.890337156276914 0.06808378884291337 0.8923861286243315 0.10053136199443251 0.8976070835302256 0.1600151454117531 0.9022891408131027 0.424591190367334 0.9181107891439918 0.6323550337219608 0.9278257475715511 0.835061925704558 0.9349287159718273 0.9051502614557153 0.9354726014209461 0.9224065367582386 0.9332476759070047 0.9396150565406846 0.9220235429612325 0.9473571654077257 0.9130414239501912 0.9713798350129587 0.6925120705210184 0.9994976379642949 0.3145594216562413 1 0.3008921243176625 1 0.27901442832684303 0.9967303846778943 0.26825738948344574 0.9814708875759136 0.25220239129379285 0.9687671779471178 0.2468426852116258 0.9533101115703255 0.2444679703979658 0.09399174348169295 0.199824164101969 0.07783272213178681 0.20093311104091036 0.05304564334555899 0.218018645701616 0.03698469991388366 0.7127780063776111 0.037646569570581725 0.8587157735969718 0.039520845803559745 0.8725046377950456
0 0.3844874240267094 0.42471073255396374 0.38052772660729683 0.42098276395168066 0.36780357324559343 0.4160131475315271 0.3722881000962157 0.4295476480951882 0.3804528197299296 0.43232250935559247 0.3844874240267094 0.42471073255396374
0 0.7284140991795379 0.5021916488785501 0.7322647098801511 0.4980906790350428 0.7264171605491156 0.4907433226525574 0.7238477973972859 0.4902175069629428 0.7190021514085927 0.4934840070713825 0.7177413475927167 0.4977207029424907 0.7196291995043397 0.501340090722693 0.7284140991795379 0.5021916488785501
0 0.5474686135128733 0.5357364157955669 0.5430318421823283 0.5312011226637365 0.5392016752146225 0.5349120028452302 0.5389563504197337 0.5395930787893922 0.5472846199167067 0.5392472227536884 0.5474686135128733 0.5357364157955669
0 0.6070582933866653 0.5582187223938025 0.6097139846470871 0.5560269724432689 0.6087752291909725 0.5537915751194529 0.6054157662699311 0.5499182586694381 0.6002361525004571 0.5496468066142361 0.5948929888677241 0.5524960718551422 0.5937957349151072 0.5536120504301423 0.6002839080205343 0.558646014046067 0.6070582933866653 0.5582187223938025
0 0.5448995712208033 0.5946670999651263 0.54408852952889 0.5903218232719374 0.54010838837657 0.5869839443316678 0.5364826587379382 0.5867939278930264 0.5321754178590999 0.5896974835449729 0.5309555015090385 0.593154000092054 0.5359102342165311 0.5977164384294046 0.5448995712208033 0.5946670999651263
0 0.5226952708351702 0.5723807239679881 0.5335929034839728 0.5725606836218988 0.5349396243099184 0.5727795123162371 0.5353175471177372 0.5706127280151915 0.5359372850673011 0.5688564275196122 0.5305191546338409 0.5618382463088928 0.5262787693532152 0.5617912572935804 0.5192535347927051 0.5686799005712252 0.5210013098450421 0.5718503263832754 0.5222338279682199 0.5735049896813815 0.5226952708351702 0.5723807239679881
0 0.5679966882299794 0.6197383940073996 0.5677444953808283 0.6146400831957038 0.5621286951660365 0.6127811272869276 0.5533029080250234 0.6127097484550977 0.5559813578956524 0.6210645025905025 0.5635463412207893 0.6253725772934405 0.5679966882299794 0.6197383940073996
0 0.5609293829787623 0.6455758041015822 0.5650935177272489 0.6454028760837304 0.5683648358521924 0.6424450300207434 0.5656454985157486 0.6348704552093657 0.5615835824317992 0.6330929349171501 0.5567788239089208 0.6355792557015628 0.5546252034695016 0.637031033527536 0.5563699492507727 0.6433810489418329 0.5609293829787623 0.6455758041015822
0 0.4763992994419205 0.6133733339822703 0.47805540223729964 0.6115043212887634 0.47682861783297587 0.6051814510799868 0.47274625801611886 0.6037940204497845 0.46999290126812276 0.6067790117182916 0.46879342865096874 0.6098454386033593 0.47227605215924867 0.6127660826760952 0.4763992994419205 0.6133733339822703
0 0.38518347352483967 0.5898171836230266 0.3848495057440589 0.5862792314593849 0.3823619175238589 0.5841930571217164 0.3761054935346754 0.584647493979501 0.37389054189653403 0.5872695407915146 0.37573750634234215 0.5916691078957441 0.3834864832636457 0.5924663756405606 0.38518347352483967 0.5898171836230266
0 0.4139776843907977 0.526002325137261 0.41391635319207554 0.5271725941233015 0.4148705010143406 0.5287872431823959 0.4174194204332629 0.529703148534024 0.41897330456410503 0.5297845841505845 0.4220197416270673 0.5311177243697462 0.425645471265699 0.5313077408083877 0.4272197991294485 0.5309990867629347 0.42937341956886765 0.5295473089369616 0.42995271214453734 0.5284041851564412 0.4301367057407039 0.5248933781983196 0.42669496969823867 0.5211925548015567 0.42261260988138183 0.5198051241713546 0.4215562433945797 0.5201409234223277 0.4194843978867901 0.5200323426002468 0.41737166491318567 0.5207039411021931 0.4141412342540569 0.522881607841153 0.41358238541129466 0.5236346419596598 0.4134801667467577 0.5255850902697273 0.4139776843907977 0.526002325137261
0 0.37731822097071477 0.511955090817388 0.37827236879298 0.5135697398764825 0.3807804007460873 0.5152658245521373 0.3854420531386139 0.5155101314018192 0.38598045824846866 0.5151471869453259 0.3875343423793109 0.5152286225618865 0.39068299810681006 0.5146113144709806 0.39229821343637444 0.5135224811015007 0.39341591112189883 0.5120164128644871 0.39345679858771365 0.5112362335404601 0.3929592809436736 0.5108189986729263 0.3930410558753032 0.5092586400248724 0.39210735178594536 0.5072539013037645 0.39109187276495805 0.5068095212307104 0.3881067669007181 0.5043061120255083 0.3870504004139159 0.5046419112764815 0.3838199697547871 0.5068195780154412 0.3796353912733932 0.5073825956953067 0.3774613271010666 0.5092244631832934 0.3773999959023444 0.510394732169334 0.37686159079248965 0.5107576766258273 0.37731822097071477 0.511955090817388
0 0.2547862556961641 0.5012306908269523 0.2596319016848572 0.4979641907185125 0.2592979339040764 0.4944262385548708 0.2558153103957964 0.4915055944821347 0.25011773524937514 0.4912069972214126 0.24527208926068197 0.4944734973298523 0.24558561330855538 0.49840153915550756 0.24859116290570277 0.5005148586986963 0.2547862556961641 0.5012306908269523
0 0.29145306846014873 0.6142420616914441 0.29460172418764785 0.6136247536005383 0.2989907399981159 0.6091608393005379 0.29561033515437285 0.6042897469177344 0.2888768372540567 0.6039368592459717 0.2846104838410332 0.6060602355738911 0.2829748247785614 0.6075391586053847 0.28432427158032963 0.6115214908420803 0.29145306846014873 0.6142420616914441
0 0.4509720781709401 0.7219570111982977 0.4567718719818984 0.7203051601489524 0.4586324121063517 0.7145352508353104 0.4530370556244673 0.7122862052645207 0.4493704385200208 0.7128763681499064 0.44775522319045635 0.7139652015193862 0.4479665285737927 0.719843691655109 0.4509720781709401 0.7219570111982977
0 0.2353571996603526 0.7431234832655764 0.2387102927169258 0.7386052785545356 0.23269919352263102 0.7343786394681582 0.22642232580054014 0.7352231659879562 0.22370985651835876 0.7374279779324364 0.22298745781233736 0.7413017293470512 0.23057288487038163 0.7452197143879757 0.2353571996603526 0.7431234832655764
0 0.6653127376168861 0.7449249613495855 0.6711738626265668 0.7421028413141997 0.6709012260445082 0.7373946201645175 0.6658647184053861 0.734392540475221 0.6616801399239922 0.7349555581550863 0.6600240371286129 0.7368245708485933 0.6592811946896842 0.7410884119252217 0.6617074517111619 0.7443448552489307 0.6653127376168861 0.7449249613495855
0 0.6652443779340219 0.7065875936501812 0.6683930336615209 0.7059702855592753 0.6719301203142607 0.697941273890113 0.6705397860466779 0.6947391209774444 0.6674933489837157 0.6934059807582826 0.6633087705023217 0.6939689984381481 0.6578633882050515 0.6987687119891216 0.6571818769648449 0.7018622840797095 0.6591310600751901 0.7043114028738713 0.6652443779340219 0.7065875936501812
0 0.7112137308903926 0.7610211680168761 0.7185674088321932 0.7594507525840914 0.7198486563809767 0.7548239670509698 0.7153914413175242 0.7506787635811529 0.7118065991447072 0.7497085678184845 0.7059454741350266 0.7525306878538703 0.7052026316960978 0.7567945289304987 0.7071109273406282 0.7600238270486875 0.7112137308903926 0.7610211680168761
0 0.5535905641546451 0.8748027425531918 0.5574820623210731 0.8699215933856574 0.5566301331633449 0.8663564960164954 0.553147509655065 0.8634358519437596 0.5453372015350392 0.8638088531849837 0.5449078831439838 0.8720007360872672 0.5483905066522637 0.8749213801600032 0.5535905641546451 0.8748027425531918
0 0.6954343472529072 0.38820002546665894 0.7003617681732299 0.38337316671016525 0.6960272155072218 0.3768874252682673 0.6881555761884739 0.3784306954955318 0.6849251455293451 0.3806083622344917 0.6840800844258793 0.38682265162118756 0.6906909199287511 0.38951607726503124 0.6954343472529072 0.38820002546665894